1,0.0063811,67.759,4.0309,3.9574,6.9657,0.40733,2.8118,84.179,9.9373,0.79677,2.3932,116.42,137.83,8.0066,4.4292,6.2328
2,0.0063811,67.759,4.0309,3.9574,6.9657,0.40733,2.8118,84.179,9.9373,0.79677,2.3932,116.42,137.83,8.0066,4.4292,6.2328
3,0.0063811,67.759,4.0309,3.9574,6.9657,0.40733,2.8118,84.179,9.9373,0.79677,2.3932,116.42,137.83,8.0066,4.4292,6.2328
4,0.0063811,67.759,4.0309,3.9574,6.9657,0.40733,2.8118,84.179,9.9373,0.79677,2.3932,116.42,137.83,8.0066,4.4292,6.2328
5,0.0063811,67.759,4.0309,3.9574,6.9657,0.40733,2.8118,84.179,9.9373,0.79677,2.3932,116.42,137.83,8.0066,4.4292,6.2328
6,0.0063811,67.759,4.0309,3.9574,6.9657,0.40733,2.8118,84.179,9.9373,0.79677,2.3932,116.42,137.83,8.0066,4.4292,6.2328
7,0.0063811,67.759,4.0309,3.9574,6.9657,0.40733,2.8118,84.179,9.9373,0.79677,2.3932,116.42,137.83,8.0066,4.4292,6.2328
8,0.0063811,67.759,4.0309,3.9574,6.9657,0.40733,2.8118,84.179,9.9373,0.79677,2.3932,116.42,137.83,8.0066,4.4292,6.2328
9,0.0063811,67.759,4.0309,3.9574,6.9657,0.40733,2.8118,84.179,9.9373,0.79677,2.3932,116.42,137.83,8.0066,4.4292,6.2328
10,0.0063811,67.759,4.0309,3.9574,6.9657,0.40733,2.8118,84.179,9.9373,0.79677,2.3932,116.42,137.83,8.0066,4.4292,6.2328
11,0.0063811,67.759,4.0309,3.9574,6.9657,0.40733,2.8118,84.179,9.9373,0.79677,2.3932,116.42,137.83,8.0066,4.4292,6.2328
12,0.0063811,67.759,4.0309,3.9574,6.9657,0.40733,2.8118,84.179,9.9373,0.79677,2.3932,116.42,137.83,8.0066,4.4292,6.2328
13,0.0063811,67.759,4.0309,3.9574,6.9657,0.40733,2.8118,84.179,9.9373,0.79677,2.3932,116.42,137.83,8.0066,4.4292,6.2328
14,0.0063811,67.759,4.0309,3.9574,6.9657,0.40733,2.8118,84.179,9.9373,0.79677,2.3932,116.42,137.83,8.0066,4.4292,6.2328
15,0.0063811,67.759,4.0309,3.9574,6.9657,0.40733,2.8118,84.179,9.9373,0.79677,2.3932,116.42,137.83,8.0066,4.4292,6.2328
16,0.0063811,67.759,4.0309,3.9574,6.9657,0.40733,2.8118,84.179,9.9373,0.79677,2.3932,116.42,137.83,8.0066,4.4292,6.2328
17,0.0063811,67.759,4.0309,3.9574,6.9657,0.40733,2.8118,84.179,9.9373,0.79677,2.3932,116.42,137.83,8.0066,4.4292,6.2328
18,0.0063811,67.759,4.0309,3.9574,6.9657,0.40733,2.8118,84.179,9.9373,0.79677,2.3932,116.42,137.83,8.0066,4.4292,6.2328
19,0.0063811,67.759,4.0309,3.9574,6.9657,0.40733,2.8118,84.179,9.9373,0.79677,2.3932,116.42,137.83,8.0066,4.4292,6.2328
20,0.0063811,67.759,4.0309,3.9574,6.9657,0.40733,2.8118,84.179,9.9373,0.79677,2.3932,116.42,137.83,8.0066,4.4292,6.2328
21,0.0063811,67.759,4.0309,3.9574,6.9657,0.40733,2.8118,84.179,9.9373,0.79677,2.3932,116.42,137.83,8.0066,4.4292,6.2328
22,0.0063811,67.759,4.0309,3.9574,6.9657,0.40733,2.8118,84.179,9.9373,0.79677,2.3932,116.42,137.83,8.0066,4.4292,6.2328
23,0.0063811,67.759,4.0309,3.9574,6.9657,0.40733,2.8118,84.179,9.9373,0.79677,2.3932,116.42,137.83,8.0066,4.4292,6.2328
24,0.0063811,67.759,4.0309,3.9574,6.9657,0.40733,2.8118,84.179,9.9373,0.79677,2.3932,116.42,137.83,8.0066,4.4292,6.2328
25,0.0063811,67.759,4.0309,3.9574,6.9657,0.40733,2.8118,84.179,9.9373,0.79677,2.3932,116.42,137.83,8.0066,4.4292,6.2328
26,0.0063811,67.759,4.0309,3.9574,6.9657,0.40733,2.8118,84.179,9.9373,0.79677,2.3932,116.42,137.83,8.0066,4.4292,6.2328
27,0.010669,45.025,101.38,4.8985,6.9657,0.40733,2.8118,129.87,9.9741,3.6995,5.0617,116.42,137.83,8.0066,4.4292,6.2328
28,0.010669,45.025,101.38,4.8985,6.9657,0.40733,2.8118,129.87,9.9741,3.6995,5.0617,116.42,137.83,8.0066,4.4292,6.2328
29,0.010669,45.025,101.38,4.8985,6.9657,0.40733,2.8118,129.87,9.9741,3.6995,5.0617,116.42,137.83,8.0066,4.4292,6.2328
30,0.010669,45.025,101.38,4.8985,6.9657,0.40733,2.8118,129.87,9.9741,3.6995,5.0617,116.42,137.83,8.0066,4.4292,6.2328
31,0.010669,45.025,101.38,4.8985,6.9657,0.40733,2.8118,129.87,9.9741,3.6995,5.0617,116.42,137.83,8.0066,4.4292,6.2328
32,0.010669,45.025,101.38,4.8985,6.9657,0.40733,2.8118,129.87,9.9741,3.6995,5.0617,116.42,137.83,8.0066,4.4292,6.2328
33,0.010669,45.025,101.38,4.8985,6.9657,0.40733,2.8118,129.87,9.9741,3.6995,5.0617,116.42,137.83,8.0066,4.4292,6.2328
34,0.010669,45.025,101.38,4.8985,6.9657,0.40733,2.8118,129.87,9.9741,3.6995,5.0617,116.42,137.83,8.0066,4.4292,6.2328
35,0.010669,45.025,101.38,4.8985,6.9657,0.40733,2.8118,129.87,9.9741,3.6995,5.0617,116.42,137.83,8.0066,4.4292,6.2328
36,0.010669,45.025,101.38,4.8985,6.9657,0.40733,2.8118,129.87,9.9741,3.6995,5.0617,116.42,137.83,8.0066,4.4292,6.2328
37,0.010669,45.025,101.38,4.8985,6.9657,0.40733,2.8118,129.87,9.9741,3.6995,5.0617,116.42,137.83,8.0066,4.4292,6.2328
38,0.010669,45.025,101.38,4.8985,6.9657,0.40733,2.8118,129.87,9.9741,3.6995,5.0617,116.42,137.83,8.0066,4.4292,6.2328
39,0.010669,45.025,101.38,4.8985,6.9657,0.40733,2.8118,129.87,9.9741,3.6995,5.0617,116.42,137.83,8.0066,4.4292,6.2328
40,0.010669,45.025,101.38,4.8985,6.9657,0.40733,2.8118,129.87,9.9741,3.6995,5.0617,116.42,137.83,8.0066,4.4292,6.2328
41,0.010669,45.025,101.38,4.8985,6.9657,0.40733,2.8118,129.87,9.9741,3.6995,5.0617,116.42,137.83,8.0066,4.4292,6.2328
42,0.010669,45.025,101.38,4.8985,6.9657,0.40733,2.8118,129.87,9.9741,3.6995,5.0617,116.42,137.83,8.0066,4.4292,6.2328
43,0.010669,45.025,101.38,4.8985,6.9657,0.40733,2.8118,129.87,9.9741,3.6995,5.0617,116.42,137.83,8.0066,4.4292,6.2328
44,0.010669,45.025,101.38,4.8985,6.9657,0.40733,2.8118,129.87,9.9741,3.6995,5.0617,116.42,137.83,8.0066,4.4292,6.2328
45,0.010669,45.025,101.38,4.8985,6.9657,0.40733,2.8118,129.87,9.9741,3.6995,5.0617,116.42,137.83,8.0066,4.4292,6.2328
46,0.010669,45.025,101.38,4.8985,6.9657,0.40733,2.8118,129.87,9.9741,3.6995,5.0617,116.42,137.83,8.0066,4.4292,6.2328
47,0.010669,45.025,101.38,4.8985,6.9657,0.40733,2.8118,129.87,9.9741,3.6995,5.0617,116.42,137.83,8.0066,4.4292,6.2328
48,0.010669,45.025,101.38,4.8985,6.9657,0.40733,2.8118,129.87,9.9741,3.6995,5.0617,116.42,137.83,8.0066,4.4292,6.2328
49,0.010669,45.025,101.38,4.8985,6.9657,0.40733,2.8118,129.87,9.9741,3.6995,5.0617,116.42,137.83,8.0066,4.4292,6.2328
50,0.010669,45.025,101.38,4.8985,6.9657,0.40733,2.8118,129.87,9.9741,3.6995,5.0617,116.42,137.83,8.0066,4.4292,6.2328
51,0.010669,45.025,101.38,4.8985,6.9657,0.40733,2.8118,129.87,9.9741,3.6995,5.0617,116.42,137.83,8.0066,4.4292,6.2328
52,0.010669,45.025,101.38,4.8985,6.9657,0.40733,2.8118,129.87,9.9741,3.6995,5.0617,116.42,137.83,8.0066,4.4292,6.2328
53,0.010669,45.025,101.38,4.8985,6.9657,0.40733,2.8118,129.87,9.9741,3.6995,5.0617,116.42,137.83,8.0066,4.4292,6.2328
54,0.010669,45.025,101.38,4.8985,6.9657,0.40733,2.8118,129.87,9.9741,3.6995,5.0617,116.42,137.83,8.0066,4.4292,6.2328
55,0.010669,45.025,101.38,4.8985,6.9657,0.40733,2.8118,129.87,9.9741,3.6995,5.0617,116.42,137.83,8.0066,4.4292,6.2328
56,0.010669,45.025,101.38,4.8985,6.9657,0.40733,2.8118,129.87,9.9741,3.6995,5.0617,116.42,137.83,8.0066,4.4292,6.2328
57,0.010669,45.025,101.38,4.8985,6.9657,0.40733,2.8118,129.87,9.9741,3.6995,5.0617,116.42,137.83,8.0066,4.4292,6.2328
58,0.010669,45.025,101.38,4.8985,6.9657,0.40733,2.8118,129.87,9.9741,3.6995,5.0617,116.42,137.83,8.0066,4.4292,6.2328
59,0.010669,45.025,101.38,4.8985,6.9657,0.40733,2.8118,129.87,9.9741,3.6995,5.0617,116.42,137.83,8.0066,4.4292,6.2328
60,0.010669,45.025,101.38,4.8985,6.9657,0.40733,2.8118,129.87,9.9741,3.6995,5.0617,116.42,137.83,8.0066,4.4292,6.2328
61,0.010669,45.025,101.38,4.8985,6.9657,0.40733,2.8118,129.87,9.9741,3.6995,5.0617,116.42,137.83,8.0066,4.4292,6.2328
62,0.010669,45.025,101.38,4.8985,6.9657,0.40733,2.8118,129.87,9.9741,3.6995,5.0617,116.42,137.83,8.0066,4.4292,6.2328
63,0.010669,45.025,101.38,4.8985,6.9657,0.40733,2.8118,129.87,9.9741,3.6995,5.0617,116.42,137.83,8.0066,4.4292,6.2328
64,0.010669,45.025,101.38,4.8985,6.9657,0.40733,2.8118,129.87,9.9741,3.6995,5.0617,116.42,137.83,8.0066,4.4292,6.2328
65,0.010669,45.025,101.38,4.8985,6.9657,0.40733,2.8118,129.87,9.9741,3.6995,5.0617,116.42,137.83,8.0066,4.4292,6.2328
66,0.010669,45.025,101.38,4.8985,6.9657,0.40733,2.8118,129.87,9.9741,3.6995,5.0617,116.42,137.83,8.0066,4.4292,6.2328
67,0.010669,45.025,101.38,4.8985,6.9657,0.40733,2.8118,129.87,9.9741,3.6995,5.0617,116.42,137.83,8.0066,4.4292,6.2328
68,0.010669,45.025,101.38,4.8985,6.9657,0.40733,2.8118,129.87,9.9741,3.6995,5.0617,116.42,137.83,8.0066,4.4292,6.2328
69,0.010669,45.025,101.38,4.8985,6.9657,0.40733,2.8118,129.87,9.9741,3.6995,5.0617,116.42,137.83,8.0066,4.4292,6.2328
70,0.010669,45.025,101.38,4.8985,6.9657,0.40733,2.8118,129.87,9.9741,3.6995,5.0617,116.42,137.83,8.0066,4.4292,6.2328
71,0.010669,45.025,101.38,4.8985,6.9657,0.40733,2.8118,129.87,9.9741,3.6995,5.0617,116.42,137.83,8.0066,4.4292,6.2328
72,0.010669,45.025,101.38,4.8985,6.9657,0.40733,2.8118,129.87,9.9741,3.6995,5.0617,116.42,137.83,8.0066,4.4292,6.2328
73,0.010669,45.025,101.38,4.8985,6.9657,0.40733,2.8118,129.87,9.9741,3.6995,5.0617,116.42,137.83,8.0066,4.4292,6.2328
74,0.010669,45.025,101.38,4.8985,6.9657,0.40733,2.8118,129.87,9.9741,3.6995,5.0617,116.42,137.83,8.0066,4.4292,6.2328
75,0.010669,45.025,101.38,4.8985,6.9657,0.40733,2.8118,129.87,9.9741,3.6995,5.0617,116.42,137.83,8.0066,4.4292,6.2328
76,0.010669,45.025,101.38,4.8985,6.9657,0.40733,2.8118,129.87,9.9741,3.6995,5.0617,116.42,137.83,8.0066,4.4292,6.2328
77,0.010669,45.025,101.38,4.8985,6.9657,0.40733,2.8118,129.87,9.9741,3.6995,5.0617,116.42,137.83,8.0066,4.4292,6.2328
78,0.010669,45.025,101.38,4.8985,6.9657,0.40733,2.8118,129.87,9.9741,3.6995,5.0617,116.42,137.83,8.0066,4.4292,6.2328
79,0.010669,45.025,101.38,4.8985,6.9657,0.40733,2.8118,129.87,9.9741,3.6995,5.0617,116.42,137.83,8.0066,4.4292,6.2328
80,0.010669,45.025,101.38,4.8985,6.9657,0.40733,2.8118,129.87,9.9741,3.6995,5.0617,116.42,137.83,8.0066,4.4292,6.2328
81,0.010669,45.025,101.38,4.8985,6.9657,0.40733,2.8118,129.87,9.9741,3.6995,5.0617,116.42,137.83,8.0066,4.4292,6.2328
82,0.010669,45.025,101.38,4.8985,6.9657,0.40733,2.8118,129.87,9.9741,3.6995,5.0617,116.42,137.83,8.0066,4.4292,6.2328
83,0.010669,45.025,101.38,4.8985,6.9657,0.40733,2.8118,129.87,9.9741,3.6995,5.0617,116.42,137.83,8.0066,4.4292,6.2328
84,0.010669,45.025,101.38,4.8985,6.9657,0.40733,2.8118,129.87,9.9741,3.6995,5.0617,116.42,137.83,8.0066,4.4292,6.2328
85,0.010669,45.025,101.38,4.8985,6.9657,0.40733,2.8118,129.87,9.9741,3.6995,5.0617,116.42,137.83,8.0066,4.4292,6.2328
86,0.010669,45.025,101.38,4.8985,6.9657,0.40733,2.8118,129.87,9.9741,3.6995,5.0617,116.42,137.83,8.0066,4.4292,6.2328
87,0.010669,45.025,101.38,4.8985,6.9657,0.40733,2.8118,129.87,9.9741,3.6995,5.0617,116.42,137.83,8.0066,4.4292,6.2328
88,0.010669,45.025,101.38,4.8985,6.9657,0.40733,2.8118,129.87,9.9741,3.6995,5.0617,116.42,137.83,8.0066,4.4292,6.2328
89,0.010669,45.025,101.38,4.8985,6.9657,0.40733,2.8118,129.87,9.9741,3.6995,5.0617,116.42,137.83,8.0066,4.4292,6.2328
90,0.010669,45.025,101.38,4.8985,6.9657,0.40733,2.8118,129.87,9.9741,3.6995,5.0617,116.42,137.83,8.0066,4.4292,6.2328
91,0.010669,45.025,101.38,4.8985,6.9657,0.40733,2.8118,129.87,9.9741,3.6995,5.0617,116.42,137.83,8.0066,4.4292,6.2328
92,0.010669,45.025,101.38,4.8985,6.9657,0.40733,2.8118,129.87,9.9741,3.6995,5.0617,116.42,137.83,8.0066,4.4292,6.2328
93,0.010669,45.025,101.38,4.8985,6.9657,0.40733,2.8118,129.87,9.9741,3.6995,5.0617,116.42,137.83,8.0066,4.4292,6.2328
94,0.010669,45.025,101.38,4.8985,6.9657,0.40733,2.8118,129.87,9.9741,3.6995,5.0617,116.42,137.83,8.0066,4.4292,6.2328
95,0.010669,45.025,101.38,4.8985,6.9657,0.40733,2.8118,129.87,9.9741,3.6995,5.0617,116.42,137.83,8.0066,4.4292,6.2328
96,0.010669,45.025,101.38,4.8985,6.9657,0.40733,2.8118,129.87,9.9741,3.6995,5.0617,116.42,137.83,8.0066,4.4292,6.2328
97,0.010669,45.025,101.38,4.8985,6.9657,0.40733,2.8118,129.87,9.9741,3.6995,5.0617,116.42,137.83,8.0066,4.4292,6.2328
98,0.010669,45.025,101.38,4.8985,6.9657,0.40733,2.8118,129.87,9.9741,3.6995,5.0617,116.42,137.83,8.0066,4.4292,6.2328
99,0.010669,45.025,101.38,4.8985,6.9657,0.40733,2.8118,129.87,9.9741,3.6995,5.0617,116.42,137.83,8.0066,4.4292,6.2328
100,0.010669,45.025,101.38,4.8985,6.9657,0.40733,2.8118,129.87,9.9741,3.6995,5.0617,116.42,137.83,8.0066,4.4292,6.2328
101,0.010669,45.025,101.38,4.8985,6.9657,0.40733,2.8118,129.87,9.9741,3.6995,5.0617,116.42,137.83,8.0066,4.4292,6.2328
102,0.010669,45.025,101.38,4.8985,6.9657,0.40733,2.8118,129.87,9.9741,3.6995,5.0617,116.42,137.83,8.0066,4.4292,6.2328
103,0.010669,45.025,101.38,4.8985,6.9657,0.40733,2.8118,129.87,9.9741,3.6995,5.0617,116.42,137.83,8.0066,4.4292,6.2328
104,0.010669,45.025,101.38,4.8985,6.9657,0.40733,2.8118,129.87,9.9741,3.6995,5.0617,116.42,137.83,8.0066,4.4292,6.2328
105,0.010669,45.025,101.38,4.8985,6.9657,0.40733,2.8118,129.87,9.9741,3.6995,5.0617,116.42,137.83,8.0066,4.4292,6.2328
106,0.010669,45.025,101.38,4.8985,6.9657,0.40733,2.8118,129.87,9.9741,3.6995,5.0617,116.42,137.83,8.0066,4.4292,6.2328
107,0.010669,45.025,101.38,4.8985,6.9657,0.40733,2.8118,129.87,9.9741,3.6995,5.0617,116.42,137.83,8.0066,4.4292,6.2328
108,0.010669,45.025,101.38,4.8985,6.9657,0.40733,2.8118,129.87,9.9741,3.6995,5.0617,116.42,137.83,8.0066,4.4292,6.2328
109,0.010669,45.025,101.38,4.8985,6.9657,0.40733,2.8118,129.87,9.9741,3.6995,5.0617,116.42,137.83,8.0066,4.4292,6.2328
110,0.010669,45.025,101.38,4.8985,6.9657,0.40733,2.8118,129.87,9.9741,3.6995,5.0617,116.42,137.83,8.0066,4.4292,6.2328
111,0.010669,45.025,101.38,4.8985,6.9657,0.40733,2.8118,129.87,9.9741,3.6995,5.0617,116.42,137.83,8.0066,4.4292,6.2328
112,0.010669,45.025,101.38,4.8985,6.9657,0.40733,2.8118,129.87,9.9741,3.6995,5.0617,116.42,137.83,8.0066,4.4292,6.2328
113,0.010669,45.025,101.38,4.8985,6.9657,0.40733,2.8118,129.87,9.9741,3.6995,5.0617,116.42,137.83,8.0066,4.4292,6.2328
114,0.010669,45.025,101.38,4.8985,6.9657,0.40733,2.8118,129.87,9.9741,3.6995,5.0617,116.42,137.83,8.0066,4.4292,6.2328
115,0.010669,45.025,101.38,4.8985,6.9657,0.40733,2.8118,129.87,9.9741,3.6995,5.0617,116.42,137.83,8.0066,4.4292,6.2328
116,0.010669,45.025,101.38,4.8985,6.9657,0.40733,2.8118,129.87,9.9741,3.6995,5.0617,116.42,137.83,8.0066,4.4292,6.2328
117,0.010669,45.025,101.38,4.8985,6.9657,0.40733,2.8118,129.87,9.9741,3.6995,5.0617,116.42,137.83,8.0066,4.4292,6.2328
118,0.010669,45.025,101.38,4.8985,6.9657,0.40733,2.8118,129.87,9.9741,3.6995,5.0617,116.42,137.83,8.0066,4.4292,6.2328
119,0.010669,45.025,101.38,4.8985,6.9657,0.40733,2.8118,129.87,9.9741,3.6995,5.0617,116.42,137.83,8.0066,4.4292,6.2328
120,0.010669,45.025,101.38,4.8985,6.9657,0.40733,2.8118,129.87,9.9741,3.6995,5.0617,116.42,137.83,8.0066,4.4292,6.2328
121,0.010669,45.025,101.38,4.8985,6.9657,0.40733,2.8118,129.87,9.9741,3.6995,5.0617,116.42,137.83,8.0066,4.4292,6.2328
122,0.010669,45.025,101.38,4.8985,6.9657,0.40733,2.8118,129.87,9.9741,3.6995,5.0617,116.42,137.83,8.0066,4.4292,6.2328
123,0.010669,45.025,101.38,4.8985,6.9657,0.40733,2.8118,129.87,9.9741,3.6995,5.0617,116.42,137.83,8.0066,4.4292,6.2328
124,0.010669,45.025,101.38,4.8985,6.9657,0.40733,2.8118,129.87,9.9741,3.6995,5.0617,116.42,137.83,8.0066,4.4292,6.2328
125,0.010669,45.025,101.38,4.8985,6.9657,0.40733,2.8118,129.87,9.9741,3.6995,5.0617,116.42,137.83,8.0066,4.4292,6.2328
126,0.010669,45.025,101.38,4.8985,6.9657,0.40733,2.8118,129.87,9.9741,3.6995,5.0617,116.42,137.83,8.0066,4.4292,6.2328
127,0.010669,45.025,101.38,4.8985,6.9657,0.40733,2.8118,129.87,9.9741,3.6995,5.0617,116.42,137.83,8.0066,4.4292,6.2328
128,0.010669,45.025,101.38,4.8985,6.9657,0.40733,2.8118,129.87,9.9741,3.6995,5.0617,116.42,137.83,8.0066,4.4292,6.2328
129,0.010669,45.025,101.38,4.8985,6.9657,0.40733,2.8118,129.87,9.9741,3.6995,5.0617,116.42,137.83,8.0066,4.4292,6.2328
130,0.010669,45.025,101.38,4.8985,6.9657,0.40733,2.8118,129.87,9.9741,3.6995,5.0617,116.42,137.83,8.0066,4.4292,6.2328
131,0.010669,45.025,101.38,4.8985,6.9657,0.40733,2.8118,129.87,9.9741,3.6995,5.0617,116.42,137.83,8.0066,4.4292,6.2328
132,0.010669,45.025,101.38,4.8985,6.9657,0.40733,2.8118,129.87,9.9741,3.6995,5.0617,116.42,137.83,8.0066,4.4292,6.2328
133,0.010669,45.025,101.38,4.8985,6.9657,0.40733,2.8118,129.87,9.9741,3.6995,5.0617,116.42,137.83,8.0066,4.4292,6.2328
134,0.010669,45.025,101.38,4.8985,6.9657,0.40733,2.8118,129.87,9.9741,3.6995,5.0617,116.42,137.83,8.0066,4.4292,6.2328
135,0.010669,45.025,101.38,4.8985,6.9657,0.40733,2.8118,129.87,9.9741,3.6995,5.0617,116.42,137.83,8.0066,4.4292,6.2328
136,0.010669,45.025,101.38,4.8985,6.9657,0.40733,2.8118,129.87,9.9741,3.6995,5.0617,116.42,137.83,8.0066,4.4292,6.2328
137,0.010669,45.025,101.38,4.8985,6.9657,0.40733,2.8118,129.87,9.9741,3.6995,5.0617,116.42,137.83,8.0066,4.4292,6.2328
138,0.010669,45.025,101.38,4.8985,6.9657,0.40733,2.8118,129.87,9.9741,3.6995,5.0617,116.42,137.83,8.0066,4.4292,6.2328
139,0.010669,45.025,101.38,4.8985,6.9657,0.40733,2.8118,129.87,9.9741,3.6995,5.0617,116.42,137.83,8.0066,4.4292,6.2328
140,0.010669,45.025,101.38,4.8985,6.9657,0.40733,2.8118,129.87,9.9741,3.6995,5.0617,116.42,137.83,8.0066,4.4292,6.2328
141,0.010669,45.025,101.38,4.8985,6.9657,0.40733,2.8118,129.87,9.9741,3.6995,5.0617,116.42,137.83,8.0066,4.4292,6.2328
142,0.010669,45.025,101.38,4.8985,6.9657,0.40733,2.8118,129.87,9.9741,3.6995,5.0617,116.42,137.83,8.0066,4.4292,6.2328
143,0.010669,45.025,101.38,4.8985,6.9657,0.40733,2.8118,129.87,9.9741,3.6995,5.0617,116.42,137.83,8.0066,4.4292,6.2328
144,0.010669,45.025,101.38,4.8985,6.9657,0.40733,2.8118,129.87,9.9741,3.6995,5.0617,116.42,137.83,8.0066,4.4292,6.2328
145,0.010669,45.025,101.38,4.8985,6.9657,0.40733,2.8118,129.87,9.9741,3.6995,5.0617,116.42,137.83,8.0066,4.4292,6.2328
146,0.010669,45.025,101.38,4.8985,6.9657,0.40733,2.8118,129.87,9.9741,3.6995,5.0617,116.42,137.83,8.0066,4.4292,6.2328
147,0.010669,45.025,101.38,4.8985,6.9657,0.40733,2.8118,129.87,9.9741,3.6995,5.0617,116.42,137.83,8.0066,4.4292,6.2328
148,0.010669,45.025,101.38,4.8985,6.9657,0.40733,2.8118,129.87,9.9741,3.6995,5.0617,116.42,137.83,8.0066,4.4292,6.2328
149,0.010669,45.025,101.38,4.8985,6.9657,0.40733,2.8118,129.87,9.9741,3.6995,5.0617,116.42,137.83,8.0066,4.4292,6.2328
150,0.010669,45.025,101.38,4.8985,6.9657,0.40733,2.8118,129.87,9.9741,3.6995,5.0617,116.42,137.83,8.0066,4.4292,6.2328
151,0.010669,45.025,101.38,4.8985,6.9657,0.40733,2.8118,129.87,9.9741,3.6995,5.0617,116.42,137.83,8.0066,4.4292,6.2328
152,0.010669,45.025,101.38,4.8985,6.9657,0.40733,2.8118,129.87,9.9741,3.6995,5.0617,116.42,137.83,8.0066,4.4292,6.2328
153,0.010669,45.025,101.38,4.8985,6.9657,0.40733,2.8118,129.87,9.9741,3.6995,5.0617,116.42,137.83,8.0066,4.4292,6.2328
154,0.010669,45.025,101.38,4.8985,6.9657,0.40733,2.8118,129.87,9.9741,3.6995,5.0617,116.42,137.83,8.0066,4.4292,6.2328
155,0.010669,45.025,101.38,4.8985,6.9657,0.40733,2.8118,129.87,9.9741,3.6995,5.0617,116.42,137.83,8.0066,4.4292,6.2328
156,0.010669,45.025,101.38,4.8985,6.9657,0.40733,2.8118,129.87,9.9741,3.6995,5.0617,116.42,137.83,8.0066,4.4292,6.2328
157,0.010669,45.025,101.38,4.8985,6.9657,0.40733,2.8118,129.87,9.9741,3.6995,5.0617,116.42,137.83,8.0066,4.4292,6.2328
158,0.010669,45.025,101.38,4.8985,6.9657,0.40733,2.8118,129.87,9.9741,3.6995,5.0617,116.42,137.83,8.0066,4.4292,6.2328
159,0.010669,45.025,101.38,4.8985,6.9657,0.40733,2.8118,129.87,9.9741,3.6995,5.0617,116.42,137.83,8.0066,4.4292,6.2328
160,0.010669,45.025,101.38,4.8985,6.9657,0.40733,2.8118,129.87,9.9741,3.6995,5.0617,116.42,137.83,8.0066,4.4292,6.2328
161,0.010669,45.025,101.38,4.8985,6.9657,0.40733,2.8118,129.87,9.9741,3.6995,5.0617,116.42,137.83,8.0066,4.4292,6.2328
162,0.010669,45.025,101.38,4.8985,6.9657,0.40733,2.8118,129.87,9.9741,3.6995,5.0617,116.42,137.83,8.0066,4.4292,6.2328
163,0.010669,45.025,101.38,4.8985,6.9657,0.40733,2.8118,129.87,9.9741,3.6995,5.0617,116.42,137.83,8.0066,4.4292,6.2328
164,0.010669,45.025,101.38,4.8985,6.9657,0.40733,2.8118,129.87,9.9741,3.6995,5.0617,116.42,137.83,8.0066,4.4292,6.2328
165,0.010669,45.025,101.38,4.8985,6.9657,0.40733,2.8118,129.87,9.9741,3.6995,5.0617,116.42,137.83,8.0066,4.4292,6.2328
166,0.010669,45.025,101.38,4.8985,6.9657,0.40733,2.8118,129.87,9.9741,3.6995,5.0617,116.42,137.83,8.0066,4.4292,6.2328
167,0.010669,45.025,101.38,4.8985,6.9657,0.40733,2.8118,129.87,9.9741,3.6995,5.0617,116.42,137.83,8.0066,4.4292,6.2328
168,0.010669,45.025,101.38,4.8985,6.9657,0.40733,2.8118,129.87,9.9741,3.6995,5.0617,116.42,137.83,8.0066,4.4292,6.2328
169,0.010669,45.025,101.38,4.8985,6.9657,0.40733,2.8118,129.87,9.9741,3.6995,5.0617,116.42,137.83,8.0066,4.4292,6.2328
170,0.010669,45.025,101.38,4.8985,6.9657,0.40733,2.8118,129.87,9.9741,3.6995,5.0617,116.42,137.83,8.0066,4.4292,6.2328
171,0.010669,45.025,101.38,4.8985,6.9657,0.40733,2.8118,129.87,9.9741,3.6995,5.0617,116.42,137.83,8.0066,4.4292,6.2328
172,0.010669,45.025,101.38,4.8985,6.9657,0.40733,2.8118,129.87,9.9741,3.6995,5.0617,116.42,137.83,8.0066,4.4292,6.2328
173,0.010669,45.025,101.38,4.8985,6.9657,0.40733,2.8118,129.87,9.9741,3.6995,5.0617,116.42,137.83,8.0066,4.4292,6.2328
174,0.010669,45.025,101.38,4.8985,6.9657,0.40733,2.8118,129.87,9.9741,3.6995,5.0617,116.42,137.83,8.0066,4.4292,6.2328
175,0.010669,45.025,101.38,4.8985,6.9657,0.40733,2.8118,129.87,9.9741,3.6995,5.0617,116.42,137.83,8.0066,4.4292,6.2328
176,0.010669,45.025,101.38,4.8985,6.9657,0.40733,2.8118,129.87,9.9741,3.6995,5.0617,116.42,137.83,8.0066,4.4292,6.2328
177,0.010669,45.025,101.38,4.8985,6.9657,0.40733,2.8118,129.87,9.9741,3.6995,5.0617,116.42,137.83,8.0066,4.4292,6.2328
178,0.010669,45.025,101.38,4.8985,6.9657,0.40733,2.8118,129.87,9.9741,3.6995,5.0617,116.42,137.83,8.0066,4.4292,6.2328
179,0.010669,45.025,101.38,4.8985,6.9657,0.40733,2.8118,129.87,9.9741,3.6995,5.0617,116.42,137.83,8.0066,4.4292,6.2328
180,0.010669,45.025,101.38,4.8985,6.9657,0.40733,2.8118,129.87,9.9741,3.6995,5.0617,116.42,137.83,8.0066,4.4292,6.2328
181,0.010669,45.025,101.38,4.8985,6.9657,0.40733,2.8118,129.87,9.9741,3.6995,5.0617,116.42,137.83,8.0066,4.4292,6.2328
182,0.010669,45.025,101.38,4.8985,6.9657,0.40733,2.8118,129.87,9.9741,3.6995,5.0617,116.42,137.83,8.0066,4.4292,6.2328
183,0.010669,45.025,101.38,4.8985,6.9657,0.40733,2.8118,129.87,9.9741,3.6995,5.0617,116.42,137.83,8.0066,4.4292,6.2328
184,0.010669,45.025,101.38,4.8985,6.9657,0.40733,2.8118,129.87,9.9741,3.6995,5.0617,116.42,137.83,8.0066,4.4292,6.2328
185,0.010669,45.025,101.38,4.8985,6.9657,0.40733,2.8118,129.87,9.9741,3.6995,5.0617,116.42,137.83,8.0066,4.4292,6.2328
186,0.010669,45.025,101.38,4.8985,6.9657,0.40733,2.8118,129.87,9.9741,3.6995,5.0617,116.42,137.83,8.0066,4.4292,6.2328
187,0.010669,45.025,101.38,4.8985,6.9657,0.40733,2.8118,129.87,9.9741,3.6995,5.0617,116.42,137.83,8.0066,4.4292,6.2328
188,0.010669,45.025,101.38,4.8985,6.9657,0.40733,2.8118,129.87,9.9741,3.6995,5.0617,116.42,137.83,8.0066,4.4292,6.2328
189,0.010669,45.025,101.38,4.8985,6.9657,0.40733,2.8118,129.87,9.9741,3.6995,5.0617,116.42,137.83,8.0066,4.4292,6.2328
190,0.010669,45.025,101.38,4.8985,6.9657,0.40733,2.8118,129.87,9.9741,3.6995,5.0617,116.42,137.83,8.0066,4.4292,6.2328
191,0.010669,45.025,101.38,4.8985,6.9657,0.40733,2.8118,129.87,9.9741,3.6995,5.0617,116.42,137.83,8.0066,4.4292,6.2328
192,0.010669,45.025,101.38,4.8985,6.9657,0.40733,2.8118,129.87,9.9741,3.6995,5.0617,116.42,137.83,8.0066,4.4292,6.2328
193,0.010669,45.025,101.38,4.8985,6.9657,0.40733,2.8118,129.87,9.9741,3.6995,5.0617,116.42,137.83,8.0066,4.4292,6.2328
194,0.010669,45.025,101.38,4.8985,6.9657,0.40733,2.8118,129.87,9.9741,3.6995,5.0617,116.42,137.83,8.0066,4.4292,6.2328
195,0.010669,45.025,101.38,4.8985,6.9657,0.40733,2.8118,129.87,9.9741,3.6995,5.0617,116.42,137.83,8.0066,4.4292,6.2328
196,0.010669,45.025,101.38,4.8985,6.9657,0.40733,2.8118,129.87,9.9741,3.6995,5.0617,116.42,137.83,8.0066,4.4292,6.2328
197,0.010669,45.025,101.38,4.8985,6.9657,0.40733,2.8118,129.87,9.9741,3.6995,5.0617,116.42,137.83,8.0066,4.4292,6.2328
198,0.010669,45.025,101.38,4.8985,6.9657,0.40733,2.8118,129.87,9.9741,3.6995,5.0617,116.42,137.83,8.0066,4.4292,6.2328
199,0.010669,45.025,101.38,4.8985,6.9657,0.40733,2.8118,129.87,9.9741,3.6995,5.0617,116.42,137.83,8.0066,4.4292,6.2328
200,0.010669,45.025,101.38,4.8985,6.9657,0.40733,2.8118,129.87,9.9741,3.6995,5.0617,116.42,137.83,8.0066,4.4292,6.2328
201,0.010669,45.025,101.38,4.8985,6.9657,0.40733,2.8118,129.87,9.9741,3.6995,5.0617,116.42,137.83,8.0066,4.4292,6.2328
202,0.010669,45.025,101.38,4.8985,6.9657,0.40733,2.8118,129.87,9.9741,3.6995,5.0617,116.42,137.83,8.0066,4.4292,6.2328
203,0.010669,45.025,101.38,4.8985,6.9657,0.40733,2.8118,129.87,9.9741,3.6995,5.0617,116.42,137.83,8.0066,4.4292,6.2328
204,0.010669,45.025,101.38,4.8985,6.9657,0.40733,2.8118,129.87,9.9741,3.6995,5.0617,116.42,137.83,8.0066,4.4292,6.2328
205,0.010669,45.025,101.38,4.8985,6.9657,0.40733,2.8118,129.87,9.9741,3.6995,5.0617,116.42,137.83,8.0066,4.4292,6.2328
206,0.010669,45.025,101.38,4.8985,6.9657,0.40733,2.8118,129.87,9.9741,3.6995,5.0617,116.42,137.83,8.0066,4.4292,6.2328
207,0.010669,45.025,101.38,4.8985,6.9657,0.40733,2.8118,129.87,9.9741,3.6995,5.0617,116.42,137.83,8.0066,4.4292,6.2328
208,0.010669,45.025,101.38,4.8985,6.9657,0.40733,2.8118,129.87,9.9741,3.6995,5.0617,116.42,137.83,8.0066,4.4292,6.2328
209,0.010669,45.025,101.38,4.8985,6.9657,0.40733,2.8118,129.87,9.9741,3.6995,5.0617,116.42,137.83,8.0066,4.4292,6.2328
210,0.010669,45.025,101.38,4.8985,6.9657,0.40733,2.8118,129.87,9.9741,3.6995,5.0617,116.42,137.83,8.0066,4.4292,6.2328
211,0.010669,45.025,101.38,4.8985,6.9657,0.40733,2.8118,129.87,9.9741,3.6995,5.0617,116.42,137.83,8.0066,4.4292,6.2328
212,0.010669,45.025,101.38,4.8985,6.9657,0.40733,2.8118,129.87,9.9741,3.6995,5.0617,116.42,137.83,8.0066,4.4292,6.2328
213,0.010669,45.025,101.38,4.8985,6.9657,0.40733,2.8118,129.87,9.9741,3.6995,5.0617,116.42,137.83,8.0066,4.4292,6.2328
214,0.010669,45.025,101.38,4.8985,6.9657,0.40733,2.8118,129.87,9.9741,3.6995,5.0617,116.42,137.83,8.0066,4.4292,6.2328
215,0.010669,45.025,101.38,4.8985,6.9657,0.40733,2.8118,129.87,9.9741,3.6995,5.0617,116.42,137.83,8.0066,4.4292,6.2328
216,0.010669,45.025,101.38,4.8985,6.9657,0.40733,2.8118,129.87,9.9741,3.6995,5.0617,116.42,137.83,8.0066,4.4292,6.2328
217,0.010669,45.025,101.38,4.8985,6.9657,0.40733,2.8118,129.87,9.9741,3.6995,5.0617,116.42,137.83,8.0066,4.4292,6.2328
218,0.010669,45.025,101.38,4.8985,6.9657,0.40733,2.8118,129.87,9.9741,3.6995,5.0617,116.42,137.83,8.0066,4.4292,6.2328
219,0.010669,45.025,101.38,4.8985,6.9657,0.40733,2.8118,129.87,9.9741,3.6995,5.0617,116.42,137.83,8.0066,4.4292,6.2328
220,0.010669,45.025,101.38,4.8985,6.9657,0.40733,2.8118,129.87,9.9741,3.6995,5.0617,116.42,137.83,8.0066,4.4292,6.2328
221,0.010669,45.025,101.38,4.8985,6.9657,0.40733,2.8118,129.87,9.9741,3.6995,5.0617,116.42,137.83,8.0066,4.4292,6.2328
222,0.010669,45.025,101.38,4.8985,6.9657,0.40733,2.8118,129.87,9.9741,3.6995,5.0617,116.42,137.83,8.0066,4.4292,6.2328
223,0.011056,45.025,101.38,4.8985,6.9657,0.40733,2.8118,129.87,9.9741,3.6995,5.0617,116.42,137.83,8.0066,4.4292,6.2328
224,0.011056,45.025,101.38,4.8985,6.9657,0.40733,2.8118,129.87,9.9741,3.6995,5.0617,116.42,137.83,8.0066,4.4292,6.2328
225,0.011056,45.025,101.38,4.8985,6.9657,0.40733,2.8118,129.87,9.9741,3.6995,5.0617,116.42,137.83,8.0066,4.4292,6.2328
226,0.011056,45.025,101.38,4.8985,6.9657,0.40733,2.8118,129.87,9.9741,3.6995,5.0617,116.42,137.83,8.0066,4.4292,6.2328
227,0.011056,45.025,101.38,4.8985,6.9657,0.40733,2.8118,129.87,9.9741,3.6995,5.0617,116.42,137.83,8.0066,4.4292,6.2328
228,0.011056,45.025,101.38,4.8985,6.9657,0.40733,2.8118,129.87,9.9741,3.6995,5.0617,116.42,137.83,8.0066,4.4292,6.2328
229,0.011056,45.025,101.38,4.8985,6.9657,0.40733,2.8118,129.87,9.9741,3.6995,5.0617,116.42,137.83,8.0066,4.4292,6.2328
230,0.011056,45.025,101.38,4.8985,6.9657,0.40733,2.8118,129.87,9.9741,3.6995,5.0617,116.42,137.83,8.0066,4.4292,6.2328
231,0.011056,45.025,101.38,4.8985,6.9657,0.40733,2.8118,129.87,9.9741,3.6995,5.0617,116.42,137.83,8.0066,4.4292,6.2328
232,0.011056,45.025,101.38,4.8985,6.9657,0.40733,2.8118,129.87,9.9741,3.6995,5.0617,116.42,137.83,8.0066,4.4292,6.2328
233,0.011056,45.025,101.38,4.8985,6.9657,0.40733,2.8118,129.87,9.9741,3.6995,5.0617,116.42,137.83,8.0066,4.4292,6.2328
234,0.011056,45.025,101.38,4.8985,6.9657,0.40733,2.8118,129.87,9.9741,3.6995,5.0617,116.42,137.83,8.0066,4.4292,6.2328
235,0.011056,45.025,101.38,4.8985,6.9657,0.40733,2.8118,129.87,9.9741,3.6995,5.0617,116.42,137.83,8.0066,4.4292,6.2328
236,0.011056,45.025,101.38,4.8985,6.9657,0.40733,2.8118,129.87,9.9741,3.6995,5.0617,116.42,137.83,8.0066,4.4292,6.2328
237,0.011056,45.025,101.38,4.8985,6.9657,0.40733,2.8118,129.87,9.9741,3.6995,5.0617,116.42,137.83,8.0066,4.4292,6.2328
238,0.011056,45.025,101.38,4.8985,6.9657,0.40733,2.8118,129.87,9.9741,3.6995,5.0617,116.42,137.83,8.0066,4.4292,6.2328
239,0.011056,45.025,101.38,4.8985,6.9657,0.40733,2.8118,129.87,9.9741,3.6995,5.0617,116.42,137.83,8.0066,4.4292,6.2328
240,0.011056,45.025,101.38,4.8985,6.9657,0.40733,2.8118,129.87,9.9741,3.6995,5.0617,116.42,137.83,8.0066,4.4292,6.2328
241,0.011056,45.025,101.38,4.8985,6.9657,0.40733,2.8118,129.87,9.9741,3.6995,5.0617,116.42,137.83,8.0066,4.4292,6.2328
242,0.011056,45.025,101.38,4.8985,6.9657,0.40733,2.8118,129.87,9.9741,3.6995,5.0617,116.42,137.83,8.0066,4.4292,6.2328
243,0.011056,45.025,101.38,4.8985,6.9657,0.40733,2.8118,129.87,9.9741,3.6995,5.0617,116.42,137.83,8.0066,4.4292,6.2328
244,0.011056,45.025,101.38,4.8985,6.9657,0.40733,2.8118,129.87,9.9741,3.6995,5.0617,116.42,137.83,8.0066,4.4292,6.2328
245,0.011056,45.025,101.38,4.8985,6.9657,0.40733,2.8118,129.87,9.9741,3.6995,5.0617,116.42,137.83,8.0066,4.4292,6.2328
246,0.011056,45.025,101.38,4.8985,6.9657,0.40733,2.8118,129.87,9.9741,3.6995,5.0617,116.42,137.83,8.0066,4.4292,6.2328
247,0.011056,45.025,101.38,4.8985,6.9657,0.40733,2.8118,129.87,9.9741,3.6995,5.0617,116.42,137.83,8.0066,4.4292,6.2328
248,0.011056,45.025,101.38,4.8985,6.9657,0.40733,2.8118,129.87,9.9741,3.6995,5.0617,116.42,137.83,8.0066,4.4292,6.2328
249,0.011056,45.025,101.38,4.8985,6.9657,0.40733,2.8118,129.87,9.9741,3.6995,5.0617,116.42,137.83,8.0066,4.4292,6.2328
250,0.011056,45.025,101.38,4.8985,6.9657,0.40733,2.8118,129.87,9.9741,3.6995,5.0617,116.42,137.83,8.0066,4.4292,6.2328
251,0.011056,45.025,101.38,4.8985,6.9657,0.40733,2.8118,129.87,9.9741,3.6995,5.0617,116.42,137.83,8.0066,4.4292,6.2328
252,0.011056,45.025,101.38,4.8985,6.9657,0.40733,2.8118,129.87,9.9741,3.6995,5.0617,116.42,137.83,8.0066,4.4292,6.2328
253,0.011056,45.025,101.38,4.8985,6.9657,0.40733,2.8118,129.87,9.9741,3.6995,5.0617,116.42,137.83,8.0066,4.4292,6.2328
254,0.011056,45.025,101.38,4.8985,6.9657,0.40733,2.8118,129.87,9.9741,3.6995,5.0617,116.42,137.83,8.0066,4.4292,6.2328
255,0.011056,45.025,101.38,4.8985,6.9657,0.40733,2.8118,129.87,9.9741,3.6995,5.0617,116.42,137.83,8.0066,4.4292,6.2328
256,0.011056,45.025,101.38,4.8985,6.9657,0.40733,2.8118,129.87,9.9741,3.6995,5.0617,116.42,137.83,8.0066,4.4292,6.2328
257,0.011056,45.025,101.38,4.8985,6.9657,0.40733,2.8118,129.87,9.9741,3.6995,5.0617,116.42,137.83,8.0066,4.4292,6.2328
258,0.011056,45.025,101.38,4.8985,6.9657,0.40733,2.8118,129.87,9.9741,3.6995,5.0617,116.42,137.83,8.0066,4.4292,6.2328
259,0.011056,45.025,101.38,4.8985,6.9657,0.40733,2.8118,129.87,9.9741,3.6995,5.0617,116.42,137.83,8.0066,4.4292,6.2328
260,0.011056,45.025,101.38,4.8985,6.9657,0.40733,2.8118,129.87,9.9741,3.6995,5.0617,116.42,137.83,8.0066,4.4292,6.2328
261,0.011056,45.025,101.38,4.8985,6.9657,0.40733,2.8118,129.87,9.9741,3.6995,5.0617,116.42,137.83,8.0066,4.4292,6.2328
262,0.011056,45.025,101.38,4.8985,6.9657,0.40733,2.8118,129.87,9.9741,3.6995,5.0617,116.42,137.83,8.0066,4.4292,6.2328
263,0.011056,45.025,101.38,4.8985,6.9657,0.40733,2.8118,129.87,9.9741,3.6995,5.0617,116.42,137.83,8.0066,4.4292,6.2328
264,0.011056,45.025,101.38,4.8985,6.9657,0.40733,2.8118,129.87,9.9741,3.6995,5.0617,116.42,137.83,8.0066,4.4292,6.2328
265,0.011056,45.025,101.38,4.8985,6.9657,0.40733,2.8118,129.87,9.9741,3.6995,5.0617,116.42,137.83,8.0066,4.4292,6.2328
266,0.011056,45.025,101.38,4.8985,6.9657,0.40733,2.8118,129.87,9.9741,3.6995,5.0617,116.42,137.83,8.0066,4.4292,6.2328
267,0.011056,45.025,101.38,4.8985,6.9657,0.40733,2.8118,129.87,9.9741,3.6995,5.0617,116.42,137.83,8.0066,4.4292,6.2328
268,0.011056,45.025,101.38,4.8985,6.9657,0.40733,2.8118,129.87,9.9741,3.6995,5.0617,116.42,137.83,8.0066,4.4292,6.2328
269,0.011056,45.025,101.38,4.8985,6.9657,0.40733,2.8118,129.87,9.9741,3.6995,5.0617,116.42,137.83,8.0066,4.4292,6.2328
270,0.011056,45.025,101.38,4.8985,6.9657,0.40733,2.8118,129.87,9.9741,3.6995,5.0617,116.42,137.83,8.0066,4.4292,6.2328
271,0.011056,45.025,101.38,4.8985,6.9657,0.40733,2.8118,129.87,9.9741,3.6995,5.0617,116.42,137.83,8.0066,4.4292,6.2328
272,0.011056,45.025,101.38,4.8985,6.9657,0.40733,2.8118,129.87,9.9741,3.6995,5.0617,116.42,137.83,8.0066,4.4292,6.2328
273,0.011056,45.025,101.38,4.8985,6.9657,0.40733,2.8118,129.87,9.9741,3.6995,5.0617,116.42,137.83,8.0066,4.4292,6.2328
274,0.011056,45.025,101.38,4.8985,6.9657,0.40733,2.8118,129.87,9.9741,3.6995,5.0617,116.42,137.83,8.0066,4.4292,6.2328
275,0.011056,45.025,101.38,4.8985,6.9657,0.40733,2.8118,129.87,9.9741,3.6995,5.0617,116.42,137.83,8.0066,4.4292,6.2328
276,0.011056,45.025,101.38,4.8985,6.9657,0.40733,2.8118,129.87,9.9741,3.6995,5.0617,116.42,137.83,8.0066,4.4292,6.2328
277,0.011056,45.025,101.38,4.8985,6.9657,0.40733,2.8118,129.87,9.9741,3.6995,5.0617,116.42,137.83,8.0066,4.4292,6.2328
278,0.011056,45.025,101.38,4.8985,6.9657,0.40733,2.8118,129.87,9.9741,3.6995,5.0617,116.42,137.83,8.0066,4.4292,6.2328
279,0.011056,45.025,101.38,4.8985,6.9657,0.40733,2.8118,129.87,9.9741,3.6995,5.0617,116.42,137.83,8.0066,4.4292,6.2328
280,0.011056,45.025,101.38,4.8985,6.9657,0.40733,2.8118,129.87,9.9741,3.6995,5.0617,116.42,137.83,8.0066,4.4292,6.2328
281,0.011056,45.025,101.38,4.8985,6.9657,0.40733,2.8118,129.87,9.9741,3.6995,5.0617,116.42,137.83,8.0066,4.4292,6.2328
282,0.011056,45.025,101.38,4.8985,6.9657,0.40733,2.8118,129.87,9.9741,3.6995,5.0617,116.42,137.83,8.0066,4.4292,6.2328
283,0.011056,45.025,101.38,4.8985,6.9657,0.40733,2.8118,129.87,9.9741,3.6995,5.0617,116.42,137.83,8.0066,4.4292,6.2328
284,0.011056,45.025,101.38,4.8985,6.9657,0.40733,2.8118,129.87,9.9741,3.6995,5.0617,116.42,137.83,8.0066,4.4292,6.2328
285,0.011056,45.025,101.38,4.8985,6.9657,0.40733,2.8118,129.87,9.9741,3.6995,5.0617,116.42,137.83,8.0066,4.4292,6.2328
286,0.011056,45.025,101.38,4.8985,6.9657,0.40733,2.8118,129.87,9.9741,3.6995,5.0617,116.42,137.83,8.0066,4.4292,6.2328
287,0.011056,45.025,101.38,4.8985,6.9657,0.40733,2.8118,129.87,9.9741,3.6995,5.0617,116.42,137.83,8.0066,4.4292,6.2328
288,0.011056,45.025,101.38,4.8985,6.9657,0.40733,2.8118,129.87,9.9741,3.6995,5.0617,116.42,137.83,8.0066,4.4292,6.2328
289,0.011056,45.025,101.38,4.8985,6.9657,0.40733,2.8118,129.87,9.9741,3.6995,5.0617,116.42,137.83,8.0066,4.4292,6.2328
290,0.011056,45.025,101.38,4.8985,6.9657,0.40733,2.8118,129.87,9.9741,3.6995,5.0617,116.42,137.83,8.0066,4.4292,6.2328
291,0.011056,45.025,101.38,4.8985,6.9657,0.40733,2.8118,129.87,9.9741,3.6995,5.0617,116.42,137.83,8.0066,4.4292,6.2328
292,0.011056,45.025,101.38,4.8985,6.9657,0.40733,2.8118,129.87,9.9741,3.6995,5.0617,116.42,137.83,8.0066,4.4292,6.2328
293,0.011056,45.025,101.38,4.8985,6.9657,0.40733,2.8118,129.87,9.9741,3.6995,5.0617,116.42,137.83,8.0066,4.4292,6.2328
294,0.011056,45.025,101.38,4.8985,6.9657,0.40733,2.8118,129.87,9.9741,3.6995,5.0617,116.42,137.83,8.0066,4.4292,6.2328
295,0.011056,45.025,101.38,4.8985,6.9657,0.40733,2.8118,129.87,9.9741,3.6995,5.0617,116.42,137.83,8.0066,4.4292,6.2328
296,0.011056,45.025,101.38,4.8985,6.9657,0.40733,2.8118,129.87,9.9741,3.6995,5.0617,116.42,137.83,8.0066,4.4292,6.2328
297,0.011056,45.025,101.38,4.8985,6.9657,0.40733,2.8118,129.87,9.9741,3.6995,5.0617,116.42,137.83,8.0066,4.4292,6.2328
298,0.011056,45.025,101.38,4.8985,6.9657,0.40733,2.8118,129.87,9.9741,3.6995,5.0617,116.42,137.83,8.0066,4.4292,6.2328
299,0.011056,45.025,101.38,4.8985,6.9657,0.40733,2.8118,129.87,9.9741,3.6995,5.0617,116.42,137.83,8.0066,4.4292,6.2328
300,0.011056,45.025,101.38,4.8985,6.9657,0.40733,2.8118,129.87,9.9741,3.6995,5.0617,116.42,137.83,8.0066,4.4292,6.2328
