0	0.00605638	0.0244924	6.03124e-05	0.00582178	1
1	0.0111518	0.0484536	0.00432377	0.0078223	0.983193
2	0.0153828	0.0570114	0.00707973	0.00974912	0.970227
3	0.0172859	0.0570114	0.00907288	0.00939293	0.962712
4	0.0194122	0.0570114	0.0113591	0.0100738	0.958127
5	0.0218731	0.0629146	0.0132374	0.0113509	0.949146
6	0.023988	0.0629146	0.0151974	0.011056	0.942519
7	0.0258431	0.0843737	0.0157293	0.0138592	0.94384
8	0.0289588	0.0843737	0.0168218	0.0144309	0.931979
9	0.0311045	0.0843737	0.0178428	0.015579	0.924487
10	0.0334083	0.0843737	0.0204961	0.0144559	0.917404
11	0.0345466	0.0843737	0.0228135	0.0140098	0.915098
12	0.036291	0.0843737	0.0234122	0.0147659	0.91613
13	0.0392171	0.0843737	0.0250715	0.0149903	0.914474
14	0.0430494	0.0843737	0.026749	0.0149572	0.906599
15	0.0449967	0.0843737	0.0298253	0.0146516	0.909793
16	0.0457139	0.0843737	0.0304952	0.0144842	0.906408
17	0.0476952	0.0843737	0.0327638	0.0137328	0.906119
18	0.0502626	0.1078	0.0345296	0.0154168	0.90684
19	0.0550402	0.1078	0.0373651	0.0159979	0.8969
20	0.0559513	0.1078	0.0374812	0.0162656	0.895291
21	0.057835	0.1078	0.0381793	0.0158326	0.8878
22	0.0606122	0.1078	0.0428976	0.014535	0.888809
23	0.0634782	0.1078	0.0441279	0.0151123	0.888233
24	0.0660287	0.1078	0.0484536	0.0148897	0.87863
25	0.0686586	0.1078	0.052226	0.0140005	0.877476
26	0.0724896	0.172396	0.0548592	0.0194444	0.872146
27	0.074197	0.172396	0.0562319	0.0197303	0.873754
28	0.0774387	0.172396	0.0587808	0.0197138	0.873322
29	0.0778438	0.172396	0.0591625	0.0194978	0.876467
30	0.077939	0.172396	0.0594674	0.0194107	0.872505
31	0.0781755	0.172396	0.0596322	0.0192525	0.873129
32	0.0794379	0.172396	0.0613549	0.0188099	0.870825
33	0.0813361	0.172396	0.0620616	0.0188376	0.87385
34	0.0818855	0.172396	0.064296	0.0184153	0.877355
35	0.0855257	0.172396	0.0665743	0.0210486	0.866406
36	0.0861511	0.172396	0.0684198	0.0206325	0.863717
37	0.0890543	0.172611	0.0709354	0.023453	0.864679
38	0.0895666	0.172611	0.0722473	0.0231548	0.862182
39	0.0896493	0.172611	0.0725606	0.023099	0.862182
40	0.0899232	0.172611	0.0732892	0.0229373	0.870128
41	0.091038	0.172611	0.0739644	0.0226515	0.881124
42	0.0923296	0.172611	0.0749951	0.0221605	0.875746
43	0.0938132	0.172611	0.075453	0.0219917	0.873081
44	0.0943472	0.172611	0.0768607	0.0216836	0.877018
45	0.0951979	0.172611	0.078037	0.0214993	0.879011
46	0.097736	0.172611	0.0798595	0.0214172	0.876586
47	0.0991208	0.172611	0.0802828	0.0216503	0.873417
48	0.100221	0.172611	0.0811537	0.0220677	0.871184
49	0.101917	0.172611	0.0821926	0.0218063	0.873584
50	0.103747	0.172611	0.083494	0.0218483	0.87284
51	0.103747	0.172611	0.083494	0.0218483	0.87284
52	0.105395	0.172611	0.083749	0.0233474	0.874256
53	0.106336	0.172611	0.0838214	0.0234048	0.874112
54	0.107856	0.172611	0.0845007	0.0227826	0.875337
55	0.110589	0.172611	0.0868719	0.0225598	0.878795
56	0.11071	0.172611	0.08777	0.0224457	0.876514
57	0.111049	0.172611	0.0881006	0.022219	0.878723
58	0.11266	0.172611	0.0915781	0.0216386	0.880619
59	0.115204	0.172611	0.0929409	0.0221191	0.877809
60	0.11633	0.172611	0.0937734	0.021814	0.877137
61	0.11641	0.172611	0.0953528	0.0217346	0.874809
62	0.116534	0.172611	0.0958888	0.0216291	0.875745
63	0.117072	0.172611	0.0958907	0.0214387	0.875577
64	0.117499	0.172611	0.0959899	0.0212197	0.875289
65	0.117499	0.172611	0.0959899	0.0212197	0.875289
66	0.117825	0.172611	0.0973945	0.020946	0.880715
67	0.117825	0.172611	0.0973945	0.020946	0.880715
68	0.118276	0.172611	0.0976788	0.0207389	0.878938
69	0.119166	0.172611	0.0983626	0.0206128	0.881412
70	0.120483	0.172611	0.0987287	0.0199992	0.88122
71	0.120775	0.172611	0.0992465	0.0197805	0.875986
72	0.121637	0.172611	0.0997531	0.0197621	0.876106
73	0.122308	0.172611	0.0999362	0.0195725	0.875122
74	0.124185	0.172611	0.102365	0.0197316	0.876802
75	0.126604	0.184142	0.10281	0.020752	0.879299
76	0.12702	0.184142	0.102842	0.0204719	0.879659
77	0.128018	0.184142	0.104713	0.019664	0.874425
78	0.128308	0.184142	0.106136	0.0193733	0.877017
79	0.128572	0.184142	0.107734	0.0191541	0.876561
80	0.128572	0.184142	0.107734	0.0191541	0.876561
81	0.130327	0.184142	0.10988	0.0182465	0.886429
82	0.131253	0.184142	0.112407	0.0175739	0.89003
83	0.131447	0.184142	0.113317	0.0174145	0.889094
84	0.133862	0.195578	0.11451	0.018934	0.895624
85	0.135999	0.195578	0.115282	0.0193912	0.898817
86	0.137904	0.195578	0.117271	0.0198115	0.898289
87	0.138707	0.195578	0.117294	0.0197719	0.898649
88	0.139647	0.195578	0.119085	0.0191585	0.899898
89	0.140711	0.195578	0.119924	0.0188869	0.898986
90	0.141087	0.195578	0.121491	0.018559	0.897834
91	0.142162	0.195578	0.122774	0.0185163	0.902396
92	0.142668	0.195578	0.123932	0.018159	0.904868
93	0.142873	0.195578	0.124586	0.0179769	0.90847
94	0.143202	0.195578	0.125161	0.0177848	0.908374
95	0.14414	0.195578	0.126236	0.0180485	0.908998
96	0.14414	0.195578	0.126236	0.0180485	0.908998
97	0.145099	0.195578	0.126393	0.0183489	0.908878
98	0.14595	0.195578	0.12813	0.018018	0.907606
99	0.147554	0.195578	0.129397	0.017559	0.905061
100	0.147582	0.195578	0.129702	0.0175309	0.906045
101	0.147582	0.195578	0.129702	0.0175309	0.906045
102	0.147789	0.195578	0.129965	0.017376	0.906573
103	0.147949	0.195578	0.130062	0.0172444	0.906669
104	0.147949	0.195578	0.130062	0.0172444	0.906669
105	0.148474	0.195578	0.130099	0.0170876	0.905132
106	0.14943	0.195578	0.130764	0.0167647	0.905972
107	0.14943	0.195578	0.130764	0.0167647	0.905972
108	0.149811	0.195578	0.130777	0.0164869	0.908326
109	0.149811	0.195578	0.130777	0.0164869	0.908326
110	0.15007	0.195578	0.131228	0.0162821	0.910223
111	0.150188	0.195578	0.131645	0.0161637	0.907509
112	0.150589	0.195578	0.131757	0.0158166	0.907365
113	0.150589	0.195578	0.131757	0.0158166	0.907365
114	0.150827	0.195578	0.133298	0.0156157	0.910126
115	0.150827	0.195578	0.133298	0.0156157	0.910126
116	0.15158	0.195578	0.133372	0.0153542	0.91039
117	0.15158	0.195578	0.133372	0.0153542	0.91039
118	0.15158	0.195578	0.133372	0.0153542	0.91039
119	0.151737	0.195578	0.133436	0.0152036	0.908781
120	0.152402	0.195578	0.135092	0.0147538	0.910966
121	0.152557	0.195578	0.13532	0.0145972	0.910414
122	0.152557	0.195578	0.13532	0.0145972	0.910414
123	0.153042	0.195578	0.135798	0.0144148	0.911855
124	0.153045	0.195578	0.135938	0.0144114	0.912023
125	0.153688	0.195578	0.136541	0.0140524	0.909815
126	0.154838	0.195578	0.137623	0.0140256	0.911999
127	0.154981	0.195578	0.138006	0.0138819	0.911279
128	0.155672	0.195578	0.138248	0.0138796	0.911087
129	0.156162	0.195578	0.138697	0.0136827	0.912983
130	0.156606	0.195578	0.139913	0.013463	0.912744
131	0.156606	0.195578	0.139913	0.013463	0.912744
132	0.157774	0.195578	0.140176	0.0136581	0.911975
133	0.160054	0.197677	0.14122	0.0139893	0.910799
134	0.160054	0.197677	0.14122	0.0139893	0.910799
135	0.160449	0.197677	0.141621	0.013723	0.91416
136	0.161127	0.197677	0.142336	0.0131782	0.91452
137	0.161426	0.197677	0.143193	0.0129102	0.91452
138	0.163735	0.219498	0.143655	0.0150291	0.914136
139	0.165178	0.219498	0.14532	0.0142247	0.914088
140	0.165178	0.219498	0.14532	0.0142247	0.914088
141	0.165178	0.219498	0.14532	0.0142247	0.914088
142	0.165178	0.219498	0.14532	0.0142247	0.914088
143	0.165348	0.219498	0.146259	0.014032	0.91428
144	0.165806	0.219498	0.146786	0.0137676	0.914328
145	0.165806	0.219498	0.146786	0.0137676	0.914328
146	0.166564	0.219498	0.147571	0.0133142	0.915096
147	0.166564	0.219498	0.147571	0.0133142	0.915096
148	0.166564	0.219498	0.147571	0.0133142	0.915096
149	0.168518	0.226141	0.152377	0.0153089	0.914928
150	0.16874	0.226141	0.153028	0.0151498	0.91428
151	0.169335	0.226141	0.153821	0.0149412	0.916201
152	0.169335	0.226141	0.153821	0.0149412	0.916201
153	0.16983	0.226141	0.155307	0.01463	0.916874
154	0.170065	0.226141	0.156309	0.0144857	0.916705
155	0.170125	0.226141	0.157259	0.0144334	0.915625
156	0.17025	0.226141	0.157756	0.0143336	0.912696
157	0.17025	0.226141	0.157756	0.0143336	0.912696
158	0.171817	0.226141	0.158296	0.0142952	0.908062
159	0.171982	0.226141	0.158994	0.0141832	0.909694
160	0.171982	0.226141	0.158994	0.0141832	0.909694
161	0.174751	0.226141	0.159712	0.0158595	0.913968
162	0.174906	0.226141	0.160563	0.0157348	0.915552
163	0.174906	0.226141	0.160563	0.0157348	0.915552
164	0.175128	0.226141	0.160915	0.0156061	0.914208
165	0.175504	0.226141	0.16099	0.0154814	0.914904
166	0.176661	0.226141	0.161786	0.0151865	0.909814
167	0.179526	0.247362	0.162724	0.0178886	0.914208
168	0.179584	0.247362	0.162936	0.0178375	0.916056
169	0.180038	0.247362	0.163108	0.0176935	0.914448
170	0.18111	0.247362	0.164431	0.0175064	0.911879
171	0.181316	0.247362	0.165621	0.0173662	0.911327
172	0.181316	0.247362	0.165621	0.0173662	0.911327
173	0.181414	0.247362	0.165634	0.0172894	0.909862
174	0.181414	0.247362	0.165634	0.0172894	0.909862
175	0.181663	0.247362	0.165923	0.0171464	0.911279
176	0.18332	0.247362	0.166534	0.0188225	0.911015
177	0.184221	0.247362	0.167241	0.0187027	0.911879
178	0.184221	0.247362	0.167241	0.0187027	0.911879
179	0.185498	0.247362	0.169183	0.0184785	0.912048
180	0.187001	0.247362	0.169497	0.0198224	0.910343
181	0.187763	0.247362	0.171461	0.0194245	0.912768
182	0.187763	0.247362	0.171461	0.0194245	0.912768
183	0.187763	0.247362	0.171461	0.0194245	0.912768
184	0.187766	0.247362	0.171574	0.0194224	0.914304
185	0.188336	0.247362	0.171668	0.0192163	0.910847
186	0.190318	0.247362	0.172396	0.0194213	0.908109
187	0.191102	0.247362	0.172523	0.0194736	0.904268
188	0.191674	0.247362	0.172557	0.0193366	0.90326
189	0.192249	0.247362	0.172611	0.0191833	0.902516
190	0.193955	0.247362	0.173517	0.01963	0.901603
191	0.193955	0.247362	0.173517	0.01963	0.901603
192	0.193965	0.247362	0.173998	0.0196199	0.898698
193	0.193965	0.247362	0.173998	0.0196199	0.898698
194	0.194725	0.247362	0.174175	0.0192776	0.900811
195	0.195076	0.247362	0.174731	0.0189812	0.901099
196	0.195823	0.247362	0.177139	0.0185703	0.896153
197	0.195823	0.247362	0.177139	0.0185703	0.896153
198	0.196243	0.247362	0.177398	0.0183756	0.89865
199	0.196243	0.247362	0.177398	0.0183756	0.89865
200	0.197159	0.247362	0.177525	0.0185573	0.898435
201	0.198527	0.247362	0.177727	0.0195741	0.899443
202	0.198527	0.247362	0.177727	0.0195741	0.899443
203	0.198527	0.247362	0.177727	0.0195741	0.899443
204	0.199977	0.250211	0.177911	0.0206564	0.897906
205	0.202235	0.260469	0.178119	0.0218616	0.898242
206	0.202646	0.260469	0.178663	0.0214712	0.894616
207	0.202646	0.260469	0.178663	0.0214712	0.894616
208	0.202646	0.260469	0.178663	0.0214712	0.894616
209	0.20296	0.260469	0.179659	0.0212268	0.895649
210	0.20296	0.260469	0.179659	0.0212268	0.895649
211	0.204532	0.260469	0.18079	0.0215832	0.89111
212	0.204821	0.260469	0.180987	0.0213545	0.889406
213	0.204821	0.260469	0.180987	0.0213545	0.889406
214	0.207535	0.260469	0.183772	0.022247	0.886453
215	0.208516	0.260469	0.185516	0.0221774	0.885493
216	0.208516	0.260469	0.185516	0.0221774	0.885493
217	0.209978	0.260469	0.185976	0.0219979	0.883308
218	0.210022	0.260469	0.186042	0.0219513	0.880523
219	0.211182	0.260469	0.18627	0.0215794	0.879203
220	0.21142	0.260469	0.188143	0.0213492	0.878963
221	0.211994	0.260469	0.188579	0.0209658	0.877402
222	0.21489	0.260469	0.190226	0.0212577	0.88122
223	0.216709	0.260469	0.193108	0.0204154	0.882468
224	0.216709	0.260469	0.193108	0.0204154	0.882468
225	0.217078	0.260469	0.193502	0.0201451	0.884028
226	0.217444	0.260469	0.193985	0.0198722	0.884917
227	0.217835	0.260469	0.194292	0.0195916	0.885853
228	0.217886	0.260469	0.19435	0.0195325	0.885517
229	0.217886	0.260469	0.19435	0.0195325	0.885517
230	0.219561	0.260469	0.195221	0.0197555	0.883188
231	0.219718	0.260469	0.195578	0.0195886	0.884364
232	0.219718	0.260469	0.195578	0.0195886	0.884364
233	0.219718	0.260469	0.195578	0.0195886	0.884364
234	0.22096	0.260469	0.196629	0.0190197	0.881795
235	0.22165	0.260469	0.196834	0.018743	0.882323
236	0.221977	0.260469	0.196935	0.0184415	0.882227
237	0.222507	0.260469	0.197677	0.0180844	0.880571
238	0.222507	0.260469	0.197677	0.0180844	0.880571
239	0.222507	0.260469	0.197677	0.0180844	0.880571
240	0.222507	0.260469	0.197677	0.0180844	0.880571
241	0.222966	0.260469	0.199252	0.0176168	0.881964
242	0.225466	0.260469	0.201441	0.0177686	0.884484
243	0.226524	0.260469	0.201463	0.0178825	0.885397
244	0.226555	0.260469	0.201699	0.0178387	0.887413
245	0.227445	0.260469	0.203073	0.0169556	0.890174
246	0.228743	0.260469	0.205015	0.0160467	0.887269
247	0.229701	0.260469	0.209507	0.0153734	0.889142
248	0.230119	0.260469	0.211029	0.0150948	0.890366
249	0.230119	0.260469	0.211029	0.0150948	0.890366
250	0.230776	0.260469	0.211158	0.0149613	0.890486
251	0.230776	0.260469	0.211158	0.0149613	0.890486
252	0.230776	0.260469	0.211158	0.0149613	0.890486
253	0.230802	0.260469	0.211563	0.0149272	0.892215
254	0.230802	0.260469	0.211563	0.0149272	0.892215
255	0.23082	0.260469	0.21157	0.0149051	0.889646
256	0.23082	0.260469	0.21157	0.0149051	0.889646
257	0.231811	0.260469	0.212161	0.0146815	0.889885
258	0.23207	0.260469	0.212422	0.0144396	0.889309
259	0.232296	0.260469	0.212474	0.014213	0.888589
260	0.232296	0.260469	0.212474	0.014213	0.888589
261	0.232296	0.260469	0.212474	0.014213	0.888589
262	0.233239	0.260469	0.212858	0.0144341	0.887028
263	0.233239	0.260469	0.212858	0.0144341	0.887028
264	0.233239	0.260469	0.212858	0.0144341	0.887028
265	0.233239	0.260469	0.212858	0.0144341	0.887028
266	0.233485	0.260469	0.213174	0.0141825	0.888829
267	0.235296	0.265054	0.214671	0.0141031	0.889285
268	0.235296	0.265054	0.214671	0.0141031	0.889285
269	0.235434	0.265054	0.214697	0.01393	0.89099
270	0.235434	0.265054	0.214697	0.01393	0.89099
271	0.235434	0.265054	0.214697	0.01393	0.89099
272	0.235792	0.265054	0.217647	0.0136126	0.891998
273	0.235792	0.265054	0.217647	0.0136126	0.891998
274	0.236891	0.265054	0.217896	0.0132006	0.891398
275	0.236891	0.265054	0.217896	0.0132006	0.891398
276	0.237176	0.265054	0.219498	0.0128794	0.886476
277	0.237958	0.265054	0.22055	0.0129715	0.883475
278	0.238434	0.265054	0.221188	0.0127545	0.884652
279	0.238434	0.265054	0.221188	0.0127545	0.884652
280	0.239422	0.270543	0.221563	0.0132911	0.886452
281	0.239775	0.270543	0.222463	0.0130391	0.885324
282	0.240585	0.270543	0.222477	0.0131989	0.8841
283	0.240585	0.270543	0.222477	0.0131989	0.8841
284	0.240927	0.270543	0.223185	0.0129391	0.884076
285	0.240927	0.270543	0.223185	0.0129391	0.884076
286	0.241014	0.270543	0.223458	0.0128315	0.8859
287	0.241518	0.270543	0.223681	0.012621	0.888277
288	0.241518	0.270543	0.223681	0.012621	0.888277
289	0.242678	0.270543	0.22482	0.0121592	0.882491
290	0.242678	0.270543	0.22482	0.0121592	0.882491
291	0.243644	0.270543	0.225153	0.0116797	0.881939
292	0.243784	0.270543	0.226141	0.0114943	0.883812
293	0.243815	0.270543	0.226478	0.0114476	0.88057
294	0.243815	0.270543	0.226478	0.0114476	0.88057
295	0.243815	0.270543	0.226478	0.0114476	0.88057
296	0.243833	0.270543	0.227395	0.01142	0.882011
297	0.244066	0.270543	0.227537	0.0111948	0.882299
298	0.244066	0.270543	0.227537	0.0111948	0.882299
299	0.244405	0.270543	0.227697	0.0109377	0.880738
300	0.245268	0.270543	0.229019	0.0105932	0.88009
301	0.245674	0.270543	0.229947	0.0103437	0.878697
302	0.246194	0.270543	0.230188	0.0101898	0.876033
303	0.246456	0.270543	0.230277	0.00993513	0.87368
304	0.246831	0.270543	0.23041	0.00966198	0.873848
305	0.246831	0.270543	0.23041	0.00966198	0.873848
306	0.246831	0.270543	0.23041	0.00966198	0.873848
307	0.24737	0.270543	0.230912	0.00932086	0.876753
308	0.249131	0.274309	0.232593	0.00942088	0.875985
309	0.249863	0.274309	0.2343	0.00888301	0.874281
310	0.249863	0.274309	0.2343	0.00888301	0.874281
311	0.250503	0.274309	0.236773	0.00889213	0.872864
312	0.250503	0.274309	0.236773	0.00889213	0.872864
313	0.252133	0.274309	0.239576	0.0085881	0.875049
314	0.252449	0.274309	0.240399	0.00840529	0.876537
315	0.252479	0.274309	0.241177	0.00836366	0.876802
316	0.252479	0.274309	0.241177	0.00836366	0.876802
317	0.252479	0.274309	0.241177	0.00836366	0.876802
318	0.252479	0.274309	0.241177	0.00836366	0.876802
319	0.252479	0.274309	0.241177	0.00836366	0.876802
320	0.252479	0.274309	0.241177	0.00836366	0.876802
321	0.252479	0.274309	0.241177	0.00836366	0.876802
322	0.253286	0.275758	0.241809	0.00870586	0.874689
323	0.253776	0.275758	0.241912	0.00873633	0.874281
324	0.253776	0.275758	0.241912	0.00873633	0.874281
325	0.253776	0.275758	0.241912	0.00873633	0.874281
326	0.254019	0.275758	0.243275	0.00856692	0.874329
327	0.254087	0.275758	0.243882	0.00849252	0.877642
328	0.254087	0.275758	0.243882	0.00849252	0.877642
329	0.254087	0.275758	0.243882	0.00849252	0.877642
330	0.25429	0.275758	0.243996	0.00836395	0.876393
331	0.254605	0.275758	0.244102	0.00826458	0.875769
332	0.254605	0.275758	0.244102	0.00826458	0.875769
333	0.254605	0.275758	0.244102	0.00826458	0.875769
334	0.254605	0.275758	0.244102	0.00826458	0.875769
335	0.254605	0.275758	0.244102	0.00826458	0.875769
336	0.254862	0.275758	0.24435	0.00813012	0.875601
337	0.255036	0.275758	0.244524	0.00799263	0.876393
338	0.255036	0.275758	0.244524	0.00799263	0.876393
339	0.255047	0.275758	0.244929	0.00797852	0.877714
340	0.255047	0.275758	0.244929	0.00797852	0.877714
341	0.255047	0.275758	0.244929	0.00797852	0.877714
342	0.255314	0.275758	0.245063	0.00785554	0.878987
343	0.255314	0.275758	0.245063	0.00785554	0.878987
344	0.255314	0.275758	0.245063	0.00785554	0.878987
345	0.255314	0.275758	0.245063	0.00785554	0.878987
346	0.255314	0.275758	0.245063	0.00785554	0.878987
347	0.255314	0.275758	0.245063	0.00785554	0.878987
348	0.255473	0.275758	0.24528	0.00772298	0.879131
349	0.255473	0.275758	0.24528	0.00772298	0.879131
350	0.255614	0.275758	0.245396	0.00759669	0.880836
351	0.255614	0.275758	0.245396	0.00759669	0.880836
352	0.255614	0.275758	0.245396	0.00759669	0.880836
353	0.255614	0.275758	0.245396	0.00759669	0.880836
354	0.255614	0.275758	0.245396	0.00759669	0.880836
355	0.255614	0.275758	0.245396	0.00759669	0.880836
356	0.255614	0.275758	0.245396	0.00759669	0.880836
357	0.255614	0.275758	0.245396	0.00759669	0.880836
358	0.255678	0.275758	0.245641	0.00752189	0.880187
359	0.255678	0.275758	0.245641	0.00752189	0.880187
360	0.255967	0.275758	0.245933	0.00740499	0.878243
361	0.256419	0.275758	0.246159	0.00747026	0.877907
362	0.256419	0.275758	0.246159	0.00747026	0.877907
363	0.256419	0.275758	0.246159	0.00747026	0.877907
364	0.256419	0.275758	0.246159	0.00747026	0.877907
365	0.256544	0.275758	0.246385	0.00734617	0.876874
366	0.256544	0.275758	0.246385	0.00734617	0.876874
367	0.256544	0.275758	0.246385	0.00734617	0.876874
368	0.257	0.275758	0.246705	0.00740971	0.87625
369	0.257176	0.275758	0.247073	0.00726317	0.875506
370	0.257176	0.275758	0.247073	0.00726317	0.875506
371	0.257176	0.275758	0.247073	0.00726317	0.875506
372	0.257176	0.275758	0.247073	0.00726317	0.875506
373	0.257176	0.275758	0.247073	0.00726317	0.875506
374	0.257279	0.275758	0.247362	0.00715336	0.873681
375	0.257368	0.275758	0.248599	0.00705379	0.875002
376	0.257409	0.275758	0.248658	0.00700813	0.876035
377	0.257409	0.275758	0.248658	0.00700813	0.876035
378	0.257409	0.275758	0.248658	0.00700813	0.876035
379	0.257409	0.275758	0.248658	0.00700813	0.876035
380	0.257409	0.275758	0.248658	0.00700813	0.876035
381	0.257409	0.275758	0.248658	0.00700813	0.876035
382	0.257409	0.275758	0.248658	0.00700813	0.876035
383	0.257663	0.275758	0.248674	0.00691388	0.873466
384	0.257663	0.275758	0.248674	0.00691388	0.873466
385	0.258388	0.284929	0.249003	0.0077967	0.876491
386	0.258388	0.284929	0.249003	0.0077967	0.876491
387	0.258388	0.284929	0.249003	0.0077967	0.876491
388	0.258388	0.284929	0.249003	0.0077967	0.876491
389	0.258388	0.284929	0.249003	0.0077967	0.876491
390	0.259098	0.284929	0.249067	0.00771851	0.86912
391	0.259409	0.284929	0.249306	0.00761846	0.869288
392	0.259409	0.284929	0.249306	0.00761846	0.869288
393	0.259409	0.284929	0.249306	0.00761846	0.869288
394	0.259409	0.284929	0.249306	0.00761846	0.869288
395	0.259409	0.284929	0.249306	0.00761846	0.869288
396	0.259409	0.284929	0.249306	0.00761846	0.869288
397	0.259409	0.284929	0.249306	0.00761846	0.869288
398	0.259409	0.284929	0.249306	0.00761846	0.869288
399	0.259748	0.284929	0.250211	0.00753689	0.870632
400	0.259907	0.284929	0.250477	0.00741453	0.873826
401	0.259907	0.284929	0.250477	0.00741453	0.873826
402	0.259907	0.284929	0.250477	0.00741453	0.873826
403	0.259907	0.284929	0.250477	0.00741453	0.873826
404	0.259907	0.284929	0.250477	0.00741453	0.873826
405	0.259907	0.284929	0.250477	0.00741453	0.873826
406	0.259907	0.284929	0.250477	0.00741453	0.873826
407	0.259907	0.284929	0.250477	0.00741453	0.873826
408	0.259907	0.284929	0.250477	0.00741453	0.873826
409	0.259907	0.284929	0.250477	0.00741453	0.873826
410	0.259907	0.284929	0.250477	0.00741453	0.873826
411	0.259907	0.284929	0.250477	0.00741453	0.873826
412	0.260359	0.284929	0.250622	0.00751583	0.873609
413	0.260359	0.284929	0.250622	0.00751583	0.873609
414	0.260359	0.284929	0.250622	0.00751583	0.873609
415	0.260649	0.284929	0.251597	0.00741184	0.872769
416	0.261041	0.284929	0.252174	0.00720553	0.871472
417	0.26153	0.284929	0.252297	0.00741876	0.871473
418	0.26153	0.284929	0.252297	0.00741876	0.871473
419	0.261532	0.284929	0.252407	0.007416	0.869456
420	0.261532	0.284929	0.252407	0.007416	0.869456
421	0.261532	0.284929	0.252407	0.007416	0.869456
422	0.261745	0.284929	0.252423	0.00730055	0.868328
423	0.261745	0.284929	0.252423	0.00730055	0.868328
424	0.261745	0.284929	0.252423	0.00730055	0.868328
425	0.261745	0.284929	0.252423	0.00730055	0.868328
426	0.261745	0.284929	0.252423	0.00730055	0.868328
427	0.261993	0.284929	0.252987	0.00718723	0.867559
428	0.262645	0.284929	0.253042	0.00707965	0.863958
429	0.262645	0.284929	0.253042	0.00707965	0.863958
430	0.262645	0.284929	0.253042	0.00707965	0.863958
431	0.262645	0.284929	0.253042	0.00707965	0.863958
432	0.262756	0.284929	0.253464	0.00695604	0.863189
433	0.262756	0.284929	0.253464	0.00695604	0.863189
434	0.262756	0.284929	0.253464	0.00695604	0.863189
435	0.262756	0.284929	0.253464	0.00695604	0.863189
436	0.262756	0.284929	0.253464	0.00695604	0.863189
437	0.262756	0.284929	0.253464	0.00695604	0.863189
438	0.262756	0.284929	0.253464	0.00695604	0.863189
439	0.262977	0.284929	0.253993	0.00682935	0.862493
440	0.262977	0.284929	0.253993	0.00682935	0.862493
441	0.262977	0.284929	0.253993	0.00682935	0.862493
442	0.262977	0.284929	0.253993	0.00682935	0.862493
443	0.262977	0.284929	0.253993	0.00682935	0.862493
444	0.262977	0.284929	0.253993	0.00682935	0.862493
445	0.262977	0.284929	0.253993	0.00682935	0.862493
446	0.262977	0.284929	0.253993	0.00682935	0.862493
447	0.262993	0.284929	0.254029	0.00680942	0.86331
448	0.262993	0.284929	0.254029	0.00680942	0.86331
449	0.263344	0.284929	0.254042	0.00679105	0.861029
450	0.263344	0.284929	0.254042	0.00679105	0.861029
451	0.263344	0.284929	0.254042	0.00679105	0.861029
452	0.263573	0.284929	0.254312	0.00666274	0.861533
453	0.263838	0.284929	0.254327	0.00654947	0.862974
454	0.263838	0.284929	0.254327	0.00654947	0.862974
455	0.263838	0.284929	0.254327	0.00654947	0.862974
456	0.264152	0.284929	0.254767	0.00639089	0.864558
457	0.264412	0.284929	0.255366	0.00626449	0.863358
458	0.264643	0.284929	0.255941	0.0061057	0.861197
459	0.264643	0.284929	0.255941	0.0061057	0.861197
460	0.264643	0.284929	0.255941	0.0061057	0.861197
461	0.264643	0.284929	0.255941	0.0061057	0.861197
462	0.264643	0.284929	0.255941	0.0061057	0.861197
463	0.264643	0.284929	0.255941	0.0061057	0.861197
464	0.264643	0.284929	0.255941	0.0061057	0.861197
465	0.264643	0.284929	0.255941	0.0061057	0.861197
466	0.264643	0.284929	0.255941	0.0061057	0.861197
467	0.264643	0.284929	0.255941	0.0061057	0.861197
468	0.264643	0.284929	0.255941	0.0061057	0.861197
469	0.264677	0.284929	0.255969	0.00606142	0.859085
470	0.264907	0.284929	0.256366	0.00594141	0.859325
471	0.265031	0.284929	0.256857	0.00581333	0.857476
472	0.265342	0.284929	0.256974	0.00578291	0.8581
473	0.265342	0.284929	0.256974	0.00578291	0.8581
474	0.265342	0.284929	0.256974	0.00578291	0.8581
475	0.265342	0.284929	0.256974	0.00578291	0.8581
476	0.265342	0.284929	0.256974	0.00578291	0.8581
477	0.265342	0.284929	0.256974	0.00578291	0.8581
478	0.265417	0.284929	0.257559	0.0056962	0.858628
479	0.265773	0.284929	0.257903	0.00573417	0.859156
480	0.265773	0.284929	0.257903	0.00573417	0.859156
481	0.265773	0.284929	0.257903	0.00573417	0.859156
482	0.265773	0.284929	0.257903	0.00573417	0.859156
483	0.265773	0.284929	0.257903	0.00573417	0.859156
484	0.265773	0.284929	0.257903	0.00573417	0.859156
485	0.265843	0.284929	0.258143	0.00565735	0.859564
486	0.265843	0.284929	0.258143	0.00565735	0.859564
487	0.265843	0.284929	0.258143	0.00565735	0.859564
488	0.266219	0.284929	0.258212	0.00575898	0.860957
489	0.266219	0.284929	0.258212	0.00575898	0.860957
490	0.266219	0.284929	0.258212	0.00575898	0.860957
491	0.266219	0.284929	0.258212	0.00575898	0.860957
492	0.266377	0.284929	0.25829	0.00564201	0.859756
493	0.266377	0.284929	0.25829	0.00564201	0.859756
494	0.266377	0.284929	0.25829	0.00564201	0.859756
495	0.266893	0.284929	0.258476	0.00605259	0.858531
496	0.266893	0.284929	0.258476	0.00605259	0.858531
497	0.267395	0.284929	0.258619	0.00617558	0.856826
498	0.267395	0.284929	0.258619	0.00617558	0.856826
499	0.267956	0.284929	0.259763	0.00628246	0.859948
500	0.268113	0.284929	0.260068	0.00617067	0.862852
501	0.268113	0.284929	0.260068	0.00617067	0.862852
502	0.268113	0.284929	0.260068	0.00617067	0.862852
503	0.268113	0.284929	0.260068	0.00617067	0.862852
504	0.268356	0.284929	0.260082	0.00608643	0.865061
505	0.268356	0.284929	0.260082	0.00608643	0.865061
506	0.268374	0.284929	0.260469	0.0060625	0.863788
507	0.268445	0.284929	0.260701	0.0059883	0.863644
508	0.268511	0.284929	0.260992	0.00591911	0.865541
509	0.268511	0.284929	0.260992	0.00591911	0.865541
510	0.268511	0.284929	0.260992	0.00591911	0.865541
511	0.268511	0.284929	0.260992	0.00591911	0.865541
512	0.268511	0.284929	0.260992	0.00591911	0.865541
513	0.268511	0.284929	0.260992	0.00591911	0.865541
514	0.268601	0.284929	0.261233	0.00583637	0.866933
515	0.268601	0.284929	0.261233	0.00583637	0.866933
516	0.268684	0.284929	0.261347	0.00575802	0.867941
517	0.268684	0.284929	0.261347	0.00575802	0.867941
518	0.269111	0.284929	0.262968	0.0055159	0.869022
519	0.269111	0.284929	0.262968	0.0055159	0.869022
520	0.269111	0.284929	0.262968	0.0055159	0.869022
521	0.269111	0.284929	0.262968	0.0055159	0.869022
522	0.269111	0.284929	0.262968	0.0055159	0.869022
523	0.269111	0.284929	0.262968	0.0055159	0.869022
524	0.269111	0.284929	0.262968	0.0055159	0.869022
525	0.269111	0.284929	0.262968	0.0055159	0.869022
526	0.269111	0.284929	0.262968	0.0055159	0.869022
527	0.269111	0.284929	0.262968	0.0055159	0.869022
528	0.26927	0.284929	0.263042	0.00544965	0.868829
529	0.26927	0.284929	0.263042	0.00544965	0.868829
530	0.269363	0.284929	0.263986	0.00538047	0.869838
531	0.269544	0.284929	0.263994	0.00534765	0.869261
532	0.269895	0.284929	0.264024	0.00554996	0.867773
533	0.269942	0.284929	0.26417	0.00550926	0.868373
534	0.269942	0.284929	0.26417	0.00550926	0.868373
535	0.269942	0.284929	0.26417	0.00550926	0.868373
536	0.269942	0.284929	0.26417	0.00550926	0.868373
537	0.269989	0.284929	0.264464	0.00546874	0.869381
538	0.269989	0.284929	0.264464	0.00546874	0.869381
539	0.269989	0.284929	0.264464	0.00546874	0.869381
540	0.269989	0.284929	0.264464	0.00546874	0.869381
541	0.269989	0.284929	0.264464	0.00546874	0.869381
542	0.271009	0.315436	0.264483	0.00838897	0.869982
543	0.271009	0.315436	0.264483	0.00838897	0.869982
544	0.271009	0.315436	0.264483	0.00838897	0.869982
545	0.271009	0.315436	0.264483	0.00838897	0.869982
546	0.271106	0.315436	0.264548	0.00833979	0.871686
547	0.271106	0.315436	0.264548	0.00833979	0.871686
548	0.271106	0.315436	0.264548	0.00833979	0.871686
549	0.271483	0.315436	0.264598	0.00846217	0.870966
550	0.27149	0.315436	0.264833	0.00845616	0.871422
551	0.271675	0.315436	0.264969	0.00840853	0.870798
552	0.271675	0.315436	0.264969	0.00840853	0.870798
553	0.271675	0.315436	0.264969	0.00840853	0.870798
554	0.271675	0.315436	0.264969	0.00840853	0.870798
555	0.271675	0.315436	0.264969	0.00840853	0.870798
556	0.272138	0.315436	0.265054	0.00866573	0.87039
557	0.272138	0.315436	0.265054	0.00866573	0.87039
558	0.272138	0.315436	0.265054	0.00866573	0.87039
559	0.272138	0.315436	0.265054	0.00866573	0.87039
560	0.272138	0.315436	0.265054	0.00866573	0.87039
561	0.272138	0.315436	0.265054	0.00866573	0.87039
562	0.272138	0.315436	0.265054	0.00866573	0.87039
563	0.272138	0.315436	0.265054	0.00866573	0.87039
564	0.272138	0.315436	0.265054	0.00866573	0.87039
565	0.272138	0.315436	0.265054	0.00866573	0.87039
566	0.272138	0.315436	0.265054	0.00866573	0.87039
567	0.272138	0.315436	0.265054	0.00866573	0.87039
568	0.272138	0.315436	0.265054	0.00866573	0.87039
569	0.272138	0.315436	0.265054	0.00866573	0.87039
570	0.272138	0.315436	0.265054	0.00866573	0.87039
571	0.272329	0.315436	0.265151	0.00861129	0.868925
572	0.272329	0.315436	0.265151	0.00861129	0.868925
573	0.272571	0.315436	0.265308	0.00857573	0.868205
574	0.272999	0.315436	0.265418	0.00873787	0.869046
575	0.272999	0.315436	0.265418	0.00873787	0.869046
576	0.272999	0.315436	0.265418	0.00873787	0.869046
577	0.272999	0.315436	0.265418	0.00873787	0.869046
578	0.272999	0.315436	0.265418	0.00873787	0.869046
579	0.272999	0.315436	0.265418	0.00873787	0.869046
580	0.273296	0.315436	0.265465	0.00872757	0.87039
581	0.273296	0.315436	0.265465	0.00872757	0.87039
582	0.273296	0.315436	0.265465	0.00872757	0.87039
583	0.273421	0.315436	0.265483	0.00865768	0.87123
584	0.27366	0.315436	0.265996	0.00859869	0.867773
585	0.27366	0.315436	0.265996	0.00859869	0.867773
586	0.273714	0.315436	0.266064	0.00855803	0.869573
587	0.273714	0.315436	0.266064	0.00855803	0.869573
588	0.273714	0.315436	0.266064	0.00855803	0.869573
589	0.273714	0.315436	0.266064	0.00855803	0.869573
590	0.273714	0.315436	0.266064	0.00855803	0.869573
591	0.273714	0.315436	0.266064	0.00855803	0.869573
592	0.273725	0.315436	0.266119	0.00854788	0.869885
593	0.273725	0.315436	0.266119	0.00854788	0.869885
594	0.273725	0.315436	0.266119	0.00854788	0.869885
595	0.274147	0.315436	0.266283	0.00868387	0.871518
596	0.274388	0.315436	0.266315	0.00862818	0.871926
597	0.274388	0.315436	0.266315	0.00862818	0.871926
598	0.274388	0.315436	0.266315	0.00862818	0.871926
599	0.274388	0.315436	0.266315	0.00862818	0.871926
600	0.274388	0.315436	0.266315	0.00862818	0.871926
601	0.274716	0.315436	0.266356	0.00851225	0.867485
602	0.275483	0.315436	0.266531	0.00942225	0.868661
603	0.275483	0.315436	0.266531	0.00942225	0.868661
604	0.275483	0.315436	0.266531	0.00942225	0.868661
605	0.276008	0.315436	0.266641	0.00964247	0.868061
606	0.276008	0.315436	0.266641	0.00964247	0.868061
607	0.276008	0.315436	0.266641	0.00964247	0.868061
608	0.276008	0.315436	0.266641	0.00964247	0.868061
609	0.276008	0.315436	0.266641	0.00964247	0.868061
610	0.276008	0.315436	0.266641	0.00964247	0.868061
611	0.27607	0.315436	0.267463	0.00959123	0.871326
612	0.27607	0.315436	0.267463	0.00959123	0.871326
613	0.27607	0.315436	0.267463	0.00959123	0.871326
614	0.27607	0.315436	0.267463	0.00959123	0.871326
615	0.27607	0.315436	0.267463	0.00959123	0.871326
616	0.27607	0.315436	0.267463	0.00959123	0.871326
617	0.27607	0.315436	0.267463	0.00959123	0.871326
618	0.27607	0.315436	0.267463	0.00959123	0.871326
619	0.276394	0.315436	0.267484	0.00956822	0.869885
620	0.276621	0.315436	0.267542	0.00948682	0.868925
621	0.276621	0.315436	0.267542	0.00948682	0.868925
622	0.276694	0.315436	0.267567	0.0094294	0.870774
623	0.277339	0.315436	0.267686	0.00938514	0.869693
624	0.277339	0.315436	0.267686	0.00938514	0.869693
625	0.277339	0.315436	0.267686	0.00938514	0.869693
626	0.277339	0.315436	0.267686	0.00938514	0.869693
627	0.277339	0.315436	0.267686	0.00938514	0.869693
628	0.277339	0.315436	0.267686	0.00938514	0.869693
629	0.278088	0.315436	0.268363	0.00959693	0.869861
630	0.279247	0.315436	0.268831	0.00957278	0.870246
631	0.279681	0.315436	0.269175	0.00958288	0.870486
632	0.279681	0.315436	0.269175	0.00958288	0.870486
633	0.279681	0.315436	0.269175	0.00958288	0.870486
634	0.281315	0.326129	0.269712	0.0115304	0.86967
635	0.2817	0.326129	0.270146	0.0114003	0.867293
636	0.2817	0.326129	0.270146	0.0114003	0.867293
637	0.282272	0.326129	0.270543	0.0115263	0.867438
638	0.282272	0.326129	0.270543	0.0115263	0.867438
639	0.282609	0.326129	0.270957	0.0114223	0.863308
640	0.282609	0.326129	0.270957	0.0114223	0.863308
641	0.282609	0.326129	0.270957	0.0114223	0.863308
642	0.28296	0.326129	0.271192	0.0113262	0.864532
643	0.28296	0.326129	0.271192	0.0113262	0.864532
644	0.283164	0.326129	0.271588	0.0112011	0.863812
645	0.283164	0.326129	0.271588	0.0112011	0.863812
646	0.283503	0.326129	0.271612	0.0110998	0.864556
647	0.283503	0.326129	0.271612	0.0110998	0.864556
648	0.283503	0.326129	0.271612	0.0110998	0.864556
649	0.283503	0.326129	0.271612	0.0110998	0.864556
650	0.283738	0.326129	0.271692	0.0109665	0.864004
651	0.283738	0.326129	0.271692	0.0109665	0.864004
652	0.284016	0.326129	0.272246	0.0108302	0.861988
653	0.284016	0.326129	0.272246	0.0108302	0.861988
654	0.284016	0.326129	0.272246	0.0108302	0.861988
655	0.284016	0.326129	0.272246	0.0108302	0.861988
656	0.284016	0.326129	0.272246	0.0108302	0.861988
657	0.284016	0.326129	0.272246	0.0108302	0.861988
658	0.284016	0.326129	0.272246	0.0108302	0.861988
659	0.284016	0.326129	0.272246	0.0108302	0.861988
660	0.284016	0.326129	0.272246	0.0108302	0.861988
661	0.284079	0.326129	0.272405	0.0107692	0.862348
662	0.284079	0.326129	0.272405	0.0107692	0.862348
663	0.284129	0.326129	0.272466	0.0107191	0.860379
664	0.284129	0.326129	0.272466	0.0107191	0.860379
665	0.284129	0.326129	0.272466	0.0107191	0.860379
666	0.284129	0.326129	0.272466	0.0107191	0.860379
667	0.284129	0.326129	0.272466	0.0107191	0.860379
668	0.284225	0.326129	0.272768	0.0106339	0.861436
669	0.284225	0.326129	0.272768	0.0106339	0.861436
670	0.284225	0.326129	0.272768	0.0106339	0.861436
671	0.284225	0.326129	0.272768	0.0106339	0.861436
672	0.28434	0.326129	0.273009	0.0105379	0.859923
673	0.28434	0.326129	0.273009	0.0105379	0.859923
674	0.284559	0.326129	0.273069	0.0104107	0.859443
675	0.284559	0.326129	0.273069	0.0104107	0.859443
676	0.284559	0.326129	0.273069	0.0104107	0.859443
677	0.284559	0.326129	0.273069	0.0104107	0.859443
678	0.284559	0.326129	0.273069	0.0104107	0.859443
679	0.284559	0.326129	0.273069	0.0104107	0.859443
680	0.284559	0.326129	0.273069	0.0104107	0.859443
681	0.284559	0.326129	0.273069	0.0104107	0.859443
682	0.28484	0.326129	0.274309	0.0102	0.864726
683	0.28484	0.326129	0.274309	0.0102	0.864726
684	0.28506	0.326129	0.274571	0.0100862	0.865254
685	0.28506	0.326129	0.274571	0.0100862	0.865254
686	0.28506	0.326129	0.274571	0.0100862	0.865254
687	0.28506	0.326129	0.274571	0.0100862	0.865254
688	0.285585	0.326129	0.274928	0.010212	0.868182
689	0.285585	0.326129	0.274928	0.010212	0.868182
690	0.285585	0.326129	0.274928	0.010212	0.868182
691	0.285585	0.326129	0.274928	0.010212	0.868182
692	0.285585	0.326129	0.274928	0.010212	0.868182
693	0.285585	0.326129	0.274928	0.010212	0.868182
694	0.285585	0.326129	0.274928	0.010212	0.868182
695	0.285691	0.326129	0.275101	0.0101265	0.868518
696	0.285691	0.326129	0.275101	0.0101265	0.868518
697	0.285691	0.326129	0.275101	0.0101265	0.868518
698	0.285691	0.326129	0.275101	0.0101265	0.868518
699	0.28594	0.326129	0.275404	0.0100132	0.86811
700	0.28594	0.326129	0.275404	0.0100132	0.86811
701	0.286595	0.326129	0.275758	0.0100886	0.86751
702	0.286595	0.326129	0.275758	0.0100886	0.86751
703	0.286595	0.326129	0.275758	0.0100886	0.86751
704	0.286595	0.326129	0.275758	0.0100886	0.86751
705	0.286595	0.326129	0.275758	0.0100886	0.86751
706	0.286595	0.326129	0.275758	0.0100886	0.86751
707	0.286902	0.326129	0.277251	0.00986774	0.866117
708	0.28698	0.326129	0.277281	0.00980511	0.86374
709	0.28698	0.326129	0.277281	0.00980511	0.86374
710	0.28698	0.326129	0.277281	0.00980511	0.86374
711	0.287007	0.326129	0.277419	0.00977907	0.867029
712	0.287007	0.326129	0.277419	0.00977907	0.867029
713	0.287007	0.326129	0.277419	0.00977907	0.867029
714	0.287007	0.326129	0.277419	0.00977907	0.867029
715	0.28705	0.326129	0.27833	0.009741	0.869286
716	0.28705	0.326129	0.27833	0.009741	0.869286
717	0.28705	0.326129	0.27833	0.009741	0.869286
718	0.28705	0.326129	0.27833	0.009741	0.869286
719	0.28705	0.326129	0.27833	0.009741	0.869286
720	0.28705	0.326129	0.27833	0.009741	0.869286
721	0.28705	0.326129	0.27833	0.009741	0.869286
722	0.28705	0.326129	0.27833	0.009741	0.869286
723	0.28705	0.326129	0.27833	0.009741	0.869286
724	0.28705	0.326129	0.27833	0.009741	0.869286
725	0.28705	0.326129	0.27833	0.009741	0.869286
726	0.287097	0.326129	0.278537	0.00970402	0.869646
727	0.287097	0.326129	0.278537	0.00970402	0.869646
728	0.287097	0.326129	0.278537	0.00970402	0.869646
729	0.287097	0.326129	0.278537	0.00970402	0.869646
730	0.287097	0.326129	0.278537	0.00970402	0.869646
731	0.287097	0.326129	0.278537	0.00970402	0.869646
732	0.287229	0.326129	0.278568	0.0096298	0.870246
733	0.287229	0.326129	0.278568	0.0096298	0.870246
734	0.287229	0.326129	0.278568	0.0096298	0.870246
735	0.287229	0.326129	0.278568	0.0096298	0.870246
736	0.287229	0.326129	0.278568	0.0096298	0.870246
737	0.287229	0.326129	0.278568	0.0096298	0.870246
738	0.287229	0.326129	0.278568	0.0096298	0.870246
739	0.287664	0.326129	0.278666	0.0097214	0.870918
740	0.287678	0.326129	0.278779	0.00970822	0.86919
741	0.287678	0.326129	0.278779	0.00970822	0.86919
742	0.287891	0.326129	0.278834	0.00962545	0.87027
743	0.287937	0.326129	0.278898	0.00958711	0.87063
744	0.287937	0.326129	0.278898	0.00958711	0.87063
745	0.287937	0.326129	0.278898	0.00958711	0.87063
746	0.287937	0.326129	0.278898	0.00958711	0.87063
747	0.287937	0.326129	0.278898	0.00958711	0.87063
748	0.287937	0.326129	0.278898	0.00958711	0.87063
749	0.287937	0.326129	0.278898	0.00958711	0.87063
750	0.287937	0.326129	0.278898	0.00958711	0.87063
751	0.287937	0.326129	0.278898	0.00958711	0.87063
752	0.287937	0.326129	0.278898	0.00958711	0.87063
753	0.287937	0.326129	0.278898	0.00958711	0.87063
754	0.287937	0.326129	0.278898	0.00958711	0.87063
755	0.287955	0.326129	0.279211	0.00957037	0.873487
756	0.287955	0.326129	0.279211	0.00957037	0.873487
757	0.287955	0.326129	0.279211	0.00957037	0.873487
758	0.288411	0.326129	0.279551	0.00949652	0.872454
759	0.288411	0.326129	0.279551	0.00949652	0.872454
760	0.288613	0.326129	0.279607	0.00941117	0.869525
761	0.289265	0.326129	0.279813	0.00989152	0.870198
762	0.289265	0.326129	0.279813	0.00989152	0.870198
763	0.289407	0.326129	0.280083	0.00980359	0.86919
764	0.289407	0.326129	0.280083	0.00980359	0.86919
765	0.289407	0.326129	0.280083	0.00980359	0.86919
766	0.289407	0.326129	0.280083	0.00980359	0.86919
767	0.289407	0.326129	0.280083	0.00980359	0.86919
768	0.289407	0.326129	0.280083	0.00980359	0.86919
769	0.289407	0.326129	0.280083	0.00980359	0.86919
770	0.289461	0.326129	0.280202	0.00975825	0.867029
771	0.28952	0.326129	0.280285	0.00970984	0.869069
772	0.28952	0.326129	0.280285	0.00970984	0.869069
773	0.28952	0.326129	0.280285	0.00970984	0.869069
774	0.289647	0.326129	0.280653	0.00962791	0.867605
775	0.289647	0.326129	0.280653	0.00962791	0.867605
776	0.289647	0.326129	0.280653	0.00962791	0.867605
777	0.289649	0.326129	0.280684	0.00962593	0.866381
778	0.289649	0.326129	0.280684	0.00962593	0.866381
779	0.289649	0.326129	0.280684	0.00962593	0.866381
780	0.289649	0.326129	0.280684	0.00962593	0.866381
781	0.290408	0.326129	0.280757	0.0103717	0.868829
782	0.290408	0.326129	0.280757	0.0103717	0.868829
783	0.290408	0.326129	0.280757	0.0103717	0.868829
784	0.290504	0.326129	0.281106	0.0102978	0.872502
785	0.290504	0.326129	0.281106	0.0102978	0.872502
786	0.290854	0.326129	0.281151	0.0102699	0.873726
787	0.290854	0.326129	0.281151	0.0102699	0.873726
788	0.290854	0.326129	0.281151	0.0102699	0.873726
789	0.290854	0.326129	0.281151	0.0102699	0.873726
790	0.290854	0.326129	0.281151	0.0102699	0.873726
791	0.290854	0.326129	0.281151	0.0102699	0.873726
792	0.290854	0.326129	0.281151	0.0102699	0.873726
793	0.291155	0.326129	0.281377	0.0101998	0.874639
794	0.291155	0.326129	0.281377	0.0101998	0.874639
795	0.291155	0.326129	0.281377	0.0101998	0.874639
796	0.291155	0.326129	0.281377	0.0101998	0.874639
797	0.291155	0.326129	0.281377	0.0101998	0.874639
798	0.291155	0.326129	0.281377	0.0101998	0.874639
799	0.291155	0.326129	0.281377	0.0101998	0.874639
800	0.291155	0.326129	0.281377	0.0101998	0.874639
801	0.291155	0.326129	0.281377	0.0101998	0.874639
802	0.291209	0.326129	0.281477	0.0101541	0.876295
803	0.291209	0.326129	0.281477	0.0101541	0.876295
804	0.291209	0.326129	0.281477	0.0101541	0.876295
805	0.291209	0.326129	0.281477	0.0101541	0.876295
806	0.291209	0.326129	0.281477	0.0101541	0.876295
807	0.291209	0.326129	0.281477	0.0101541	0.876295
808	0.291557	0.326129	0.281586	0.0101119	0.876848
809	0.291732	0.326129	0.281616	0.0100111	0.876991
810	0.291732	0.326129	0.281616	0.0100111	0.876991
811	0.291732	0.326129	0.281616	0.0100111	0.876991
812	0.291732	0.326129	0.281616	0.0100111	0.876991
813	0.291732	0.326129	0.281616	0.0100111	0.876991
814	0.291732	0.326129	0.281616	0.0100111	0.876991
815	0.291732	0.326129	0.281616	0.0100111	0.876991
816	0.291732	0.326129	0.281616	0.0100111	0.876991
817	0.291732	0.326129	0.281616	0.0100111	0.876991
818	0.291732	0.326129	0.281616	0.0100111	0.876991
819	0.291732	0.326129	0.281616	0.0100111	0.876991
820	0.291732	0.326129	0.281616	0.0100111	0.876991
821	0.292175	0.326129	0.281871	0.0100448	0.876319
822	0.292175	0.326129	0.281871	0.0100448	0.876319
823	0.2922	0.326129	0.282802	0.0100206	0.876896
824	0.2922	0.326129	0.282802	0.0100206	0.876896
825	0.2922	0.326129	0.282802	0.0100206	0.876896
826	0.2922	0.326129	0.282802	0.0100206	0.876896
827	0.2922	0.326129	0.282802	0.0100206	0.876896
828	0.2922	0.326129	0.282802	0.0100206	0.876896
829	0.2922	0.326129	0.282802	0.0100206	0.876896
830	0.292422	0.326129	0.283095	0.00993087	0.877208
831	0.292422	0.326129	0.283095	0.00993087	0.877208
832	0.292422	0.326129	0.283095	0.00993087	0.877208
833	0.292422	0.326129	0.283095	0.00993087	0.877208
834	0.292422	0.326129	0.283095	0.00993087	0.877208
835	0.292422	0.326129	0.283095	0.00993087	0.877208
836	0.292422	0.326129	0.283095	0.00993087	0.877208
837	0.292422	0.326129	0.283095	0.00993087	0.877208
838	0.292422	0.326129	0.283095	0.00993087	0.877208
839	0.292422	0.326129	0.283095	0.00993087	0.877208
840	0.292422	0.326129	0.283095	0.00993087	0.877208
841	0.292597	0.326129	0.283159	0.00983983	0.876343
842	0.292597	0.326129	0.283159	0.00983983	0.876343
843	0.292597	0.326129	0.283159	0.00983983	0.876343
844	0.292597	0.326129	0.283159	0.00983983	0.876343
845	0.292597	0.326129	0.283159	0.00983983	0.876343
846	0.292597	0.326129	0.283159	0.00983983	0.876343
847	0.292745	0.326129	0.283359	0.00975037	0.876511
848	0.292745	0.326129	0.283359	0.00975037	0.876511
849	0.292745	0.326129	0.283359	0.00975037	0.876511
850	0.293139	0.326129	0.283919	0.00956019	0.878912
851	0.293139	0.326129	0.283919	0.00956019	0.878912
852	0.293139	0.326129	0.283919	0.00956019	0.878912
853	0.293139	0.326129	0.283919	0.00956019	0.878912
854	0.293139	0.326129	0.283919	0.00956019	0.878912
855	0.293139	0.326129	0.283919	0.00956019	0.878912
856	0.29329	0.326129	0.283953	0.00947078	0.880737
857	0.29329	0.326129	0.283953	0.00947078	0.880737
858	0.293428	0.326129	0.28407	0.00938175	0.880689
859	0.293428	0.326129	0.28407	0.00938175	0.880689
860	0.293428	0.326129	0.28407	0.00938175	0.880689
861	0.293428	0.326129	0.28407	0.00938175	0.880689
862	0.293428	0.326129	0.28407	0.00938175	0.880689
863	0.293428	0.326129	0.28407	0.00938175	0.880689
864	0.293428	0.326129	0.28407	0.00938175	0.880689
865	0.293567	0.326129	0.284097	0.00929126	0.883018
866	0.293567	0.326129	0.284097	0.00929126	0.883018
867	0.293567	0.326129	0.284097	0.00929126	0.883018
868	0.293567	0.326129	0.284097	0.00929126	0.883018
869	0.293567	0.326129	0.284097	0.00929126	0.883018
870	0.293657	0.326129	0.284385	0.00921954	0.882946
871	0.293657	0.326129	0.284385	0.00921954	0.882946
872	0.293657	0.326129	0.284385	0.00921954	0.882946
873	0.293657	0.326129	0.284385	0.00921954	0.882946
874	0.293931	0.326129	0.28455	0.00914157	0.883378
875	0.293931	0.326129	0.28455	0.00914157	0.883378
876	0.293931	0.326129	0.28455	0.00914157	0.883378
877	0.294662	0.326129	0.284929	0.00915272	0.885683
878	0.294662	0.326129	0.284929	0.00915272	0.885683
879	0.294662	0.326129	0.284929	0.00915272	0.885683
880	0.294662	0.326129	0.284929	0.00915272	0.885683
881	0.294662	0.326129	0.284929	0.00915272	0.885683
882	0.294662	0.326129	0.284929	0.00915272	0.885683
883	0.294662	0.326129	0.284929	0.00915272	0.885683
884	0.294662	0.326129	0.284929	0.00915272	0.885683
885	0.294662	0.326129	0.284929	0.00915272	0.885683
886	0.294662	0.326129	0.284929	0.00915272	0.885683
887	0.294662	0.326129	0.284929	0.00915272	0.885683
888	0.294662	0.326129	0.284929	0.00915272	0.885683
889	0.294662	0.326129	0.284929	0.00915272	0.885683
890	0.294712	0.326129	0.285141	0.00910491	0.882057
891	0.294712	0.326129	0.285141	0.00910491	0.882057
892	0.294712	0.326129	0.285141	0.00910491	0.882057
893	0.294712	0.326129	0.285141	0.00910491	0.882057
894	0.294712	0.326129	0.285141	0.00910491	0.882057
895	0.294712	0.326129	0.285141	0.00910491	0.882057
896	0.294712	0.326129	0.285141	0.00910491	0.882057
897	0.294712	0.326129	0.285141	0.00910491	0.882057
898	0.294712	0.326129	0.285141	0.00910491	0.882057
899	0.294712	0.326129	0.285141	0.00910491	0.882057
900	0.294712	0.326129	0.285141	0.00910491	0.882057
901	0.294712	0.326129	0.285141	0.00910491	0.882057
902	0.29484	0.326129	0.285296	0.00901231	0.883954
903	0.29488	0.326129	0.285383	0.00897288	0.883498
904	0.29488	0.326129	0.285383	0.00897288	0.883498
905	0.29488	0.326129	0.285383	0.00897288	0.883498
906	0.29488	0.326129	0.285383	0.00897288	0.883498
907	0.29488	0.326129	0.285383	0.00897288	0.883498
908	0.29488	0.326129	0.285383	0.00897288	0.883498
909	0.29488	0.326129	0.285383	0.00897288	0.883498
910	0.29488	0.326129	0.285383	0.00897288	0.883498
911	0.29488	0.326129	0.285383	0.00897288	0.883498
912	0.29488	0.326129	0.285383	0.00897288	0.883498
913	0.295355	0.326129	0.285562	0.00908647	0.884387
914	0.295355	0.326129	0.285562	0.00908647	0.884387
915	0.295774	0.326129	0.28661	0.00910912	0.885755
916	0.295774	0.326129	0.28661	0.00910912	0.885755
917	0.295774	0.326129	0.28661	0.00910912	0.885755
918	0.295774	0.326129	0.28661	0.00910912	0.885755
919	0.295774	0.326129	0.28661	0.00910912	0.885755
920	0.295774	0.326129	0.28661	0.00910912	0.885755
921	0.295774	0.326129	0.28661	0.00910912	0.885755
922	0.295774	0.326129	0.28661	0.00910912	0.885755
923	0.295774	0.326129	0.28661	0.00910912	0.885755
924	0.295807	0.326129	0.286694	0.0090778	0.887075
925	0.295807	0.326129	0.286694	0.0090778	0.887075
926	0.295926	0.326129	0.286921	0.00899462	0.887604
927	0.295926	0.326129	0.286921	0.00899462	0.887604
928	0.295926	0.326129	0.286921	0.00899462	0.887604
929	0.295926	0.326129	0.286921	0.00899462	0.887604
930	0.295926	0.326129	0.286921	0.00899462	0.887604
931	0.295926	0.326129	0.286921	0.00899462	0.887604
932	0.295926	0.326129	0.286921	0.00899462	0.887604
933	0.295926	0.326129	0.286921	0.00899462	0.887604
934	0.295926	0.326129	0.286921	0.00899462	0.887604
935	0.295926	0.326129	0.286921	0.00899462	0.887604
936	0.295926	0.326129	0.286921	0.00899462	0.887604
937	0.295926	0.326129	0.286921	0.00899462	0.887604
938	0.295926	0.326129	0.286921	0.00899462	0.887604
939	0.295926	0.326129	0.286921	0.00899462	0.887604
940	0.295926	0.326129	0.286921	0.00899462	0.887604
941	0.295926	0.326129	0.286921	0.00899462	0.887604
942	0.295926	0.326129	0.286921	0.00899462	0.887604
943	0.295926	0.326129	0.286921	0.00899462	0.887604
944	0.296086	0.326129	0.287135	0.00890185	0.889188
945	0.296086	0.326129	0.287135	0.00890185	0.889188
946	0.296086	0.326129	0.287135	0.00890185	0.889188
947	0.2962	0.326129	0.2872	0.00882113	0.887532
948	0.2962	0.326129	0.2872	0.00882113	0.887532
949	0.2962	0.326129	0.2872	0.00882113	0.887532
950	0.296257	0.326129	0.287328	0.00877067	0.886116
951	0.296257	0.326129	0.287328	0.00877067	0.886116
952	0.296257	0.326129	0.287328	0.00877067	0.886116
953	0.296257	0.326129	0.287328	0.00877067	0.886116
954	0.296257	0.326129	0.287328	0.00877067	0.886116
955	0.296257	0.326129	0.287328	0.00877067	0.886116
956	0.296257	0.326129	0.287328	0.00877067	0.886116
957	0.296286	0.326129	0.2874	0.00874243	0.886452
958	0.296286	0.326129	0.2874	0.00874243	0.886452
959	0.296286	0.326129	0.2874	0.00874243	0.886452
960	0.296286	0.326129	0.2874	0.00874243	0.886452
961	0.296286	0.326129	0.2874	0.00874243	0.886452
962	0.296286	0.326129	0.2874	0.00874243	0.886452
963	0.296286	0.326129	0.2874	0.00874243	0.886452
964	0.296286	0.326129	0.2874	0.00874243	0.886452
965	0.296286	0.326129	0.2874	0.00874243	0.886452
966	0.296286	0.326129	0.2874	0.00874243	0.886452
967	0.296286	0.326129	0.2874	0.00874243	0.886452
968	0.296286	0.326129	0.2874	0.00874243	0.886452
969	0.296286	0.326129	0.2874	0.00874243	0.886452
970	0.296286	0.326129	0.2874	0.00874243	0.886452
971	0.296286	0.326129	0.2874	0.00874243	0.886452
972	0.296286	0.326129	0.2874	0.00874243	0.886452
973	0.296286	0.326129	0.2874	0.00874243	0.886452
974	0.296286	0.326129	0.2874	0.00874243	0.886452
975	0.296489	0.326129	0.287444	0.0086491	0.887436
976	0.296489	0.326129	0.287444	0.0086491	0.887436
977	0.296489	0.326129	0.287444	0.0086491	0.887436
978	0.296489	0.326129	0.287444	0.0086491	0.887436
979	0.296489	0.326129	0.287444	0.0086491	0.887436
980	0.296489	0.326129	0.287444	0.0086491	0.887436
981	0.29669	0.326129	0.287545	0.00855086	0.888372
982	0.29669	0.326129	0.287545	0.00855086	0.888372
983	0.29669	0.326129	0.287545	0.00855086	0.888372
984	0.29669	0.326129	0.287545	0.00855086	0.888372
985	0.29669	0.326129	0.287545	0.00855086	0.888372
986	0.297174	0.326129	0.288134	0.00870704	0.888972
987	0.297174	0.326129	0.288134	0.00870704	0.888972
988	0.297174	0.326129	0.288134	0.00870704	0.888972
989	0.297174	0.326129	0.288134	0.00870704	0.888972
990	0.297174	0.326129	0.288134	0.00870704	0.888972
991	0.297174	0.326129	0.288134	0.00870704	0.888972
992	0.29796	0.326129	0.288512	0.00920897	0.88734
993	0.29796	0.326129	0.288512	0.00920897	0.88734
994	0.299222	0.351595	0.288557	0.011835	0.886859
995	0.299222	0.351595	0.288557	0.011835	0.886859
996	0.299222	0.351595	0.288557	0.011835	0.886859
997	0.299222	0.351595	0.288557	0.011835	0.886859
998	0.299222	0.351595	0.288557	0.011835	0.886859
999	0.299222	0.351595	0.288557	0.011835	0.886859
1000	0.299222	0.351595	0.288557	0.011835	0.886859
