0	0.00426925	0.0240985	0.000372951	0.00460446	1
1	0.00688523	0.0240985	0.00293092	0.00436712	0.978679
2	0.00899605	0.0240985	0.00441749	0.00467469	0.967082
3	0.0104521	0.0240985	0.00587063	0.00466915	0.956757
4	0.0118524	0.0251005	0.0069483	0.00469157	0.950658
5	0.0133395	0.0251005	0.00854585	0.00458848	0.9472
6	0.0153604	0.0336068	0.0102049	0.00503572	0.947248
7	0.0187409	0.0613293	0.0112305	0.0090098	0.946887
8	0.0210019	0.0613293	0.0126753	0.0103669	0.944726
9	0.0223234	0.0613293	0.0136004	0.0100701	0.941101
10	0.0239556	0.0613293	0.0152567	0.0109642	0.941773
11	0.0255087	0.0613293	0.0161337	0.0110746	0.938747
12	0.0266075	0.0613293	0.0169501	0.0111246	0.935626
13	0.028372	0.0613293	0.0185244	0.010776	0.930751
14	0.0312796	0.0717221	0.0200899	0.0121917	0.924173
15	0.0331265	0.0717221	0.021025	0.0124127	0.922925
16	0.0342835	0.0717221	0.0230869	0.011741	0.916178
17	0.0354314	0.0717221	0.0240985	0.0113253	0.914113
18	0.0376896	0.0744904	0.0257519	0.01219	0.906622
19	0.0421964	0.116138	0.0272627	0.015785	0.902252
20	0.0441951	0.116138	0.0315671	0.0148399	0.90667
21	0.0446445	0.116138	0.0320123	0.0145933	0.90386
22	0.0466299	0.116138	0.0333318	0.014397	0.907846
23	0.0481768	0.116138	0.0345303	0.0142407	0.905517
24	0.0510489	0.116138	0.0361372	0.0145255	0.906838
25	0.0531815	0.116138	0.0376698	0.0152337	0.906406
26	0.0538873	0.116138	0.0388208	0.0147252	0.909432
27	0.0587648	0.116138	0.0419757	0.0151466	0.912961
28	0.0602265	0.116138	0.0455328	0.0146801	0.916274
29	0.0613371	0.116138	0.0468427	0.0142322	0.915842
30	0.0631253	0.133297	0.0470427	0.0172938	0.91565
31	0.0644804	0.133297	0.0475778	0.0167343	0.912961
32	0.0675344	0.133297	0.0493656	0.0174652	0.911231
33	0.0678501	0.133297	0.0507375	0.0172327	0.910295
34	0.0699409	0.133297	0.0526127	0.0183042	0.908879
35	0.0710716	0.133297	0.0529	0.0181489	0.909719
36	0.0717399	0.133297	0.0544958	0.0178908	0.91212
37	0.0726474	0.133297	0.0566153	0.017383	0.910222
38	0.0734539	0.133297	0.0585554	0.0171314	0.911759
39	0.0735995	0.133297	0.0588521	0.0170329	0.910439
40	0.0737872	0.133297	0.0596619	0.016892	0.909718
41	0.0747555	0.133297	0.0600145	0.0165589	0.906789
42	0.0754927	0.133297	0.0603128	0.016623	0.905804
43	0.0761665	0.133297	0.0604416	0.0163494	0.903835
44	0.0766075	0.133297	0.0606505	0.0160653	0.906212
45	0.0770653	0.133297	0.0614124	0.0158477	0.907245
46	0.0781559	0.133297	0.061509	0.0157928	0.905732
47	0.0781559	0.133297	0.061509	0.0157928	0.905732
48	0.0787776	0.133297	0.0624664	0.0154823	0.909069
49	0.0787776	0.133297	0.0624664	0.0154823	0.909069
50	0.0793454	0.133297	0.0634038	0.0150555	0.912647
51	0.0797578	0.133297	0.0645819	0.0147969	0.911711
52	0.0806198	0.133297	0.0658394	0.0147351	0.911687
53	0.0810636	0.133297	0.0676341	0.0145067	0.910486
54	0.0817956	0.133297	0.0688031	0.0146932	0.911686
55	0.0818745	0.133297	0.0692917	0.0146325	0.911303
56	0.0827068	0.133297	0.069451	0.0146899	0.913128
57	0.0843832	0.133297	0.0699393	0.0156211	0.912816
58	0.0852708	0.133297	0.0705361	0.0156751	0.911543
59	0.086349	0.133297	0.0713369	0.0153218	0.911519
60	0.0873814	0.133297	0.0717221	0.0154528	0.912288
61	0.0881129	0.133297	0.0718052	0.0155617	0.913008
62	0.0881129	0.133297	0.0718052	0.0155617	0.913008
63	0.0883107	0.133297	0.0722488	0.0154001	0.911111
64	0.0903943	0.135258	0.0731063	0.0164192	0.909454
65	0.0938898	0.164367	0.0742592	0.0199108	0.910967
66	0.0938898	0.164367	0.0742592	0.0199108	0.910967
67	0.0951193	0.164367	0.0751006	0.0197703	0.912047
68	0.0963605	0.164367	0.0757374	0.0198014	0.908397
69	0.0987569	0.164367	0.0770983	0.0205385	0.908422
70	0.0987569	0.164367	0.0770983	0.0205385	0.908422
71	0.0993879	0.164367	0.0780817	0.0202864	0.907365
72	0.0993879	0.164367	0.0780817	0.0202864	0.907365
73	0.0998183	0.164367	0.0788498	0.0199642	0.905612
74	0.100695	0.164367	0.0798286	0.019595	0.907605
75	0.103431	0.164367	0.0808552	0.0202381	0.912167
76	0.106469	0.19946	0.0814938	0.0236118	0.915913
77	0.107283	0.19946	0.0821749	0.0234339	0.915241
78	0.107598	0.19946	0.0827666	0.0231942	0.9138
79	0.111163	0.19946	0.0844496	0.0226066	0.914665
80	0.112981	0.19946	0.0881479	0.0223732	0.912696
81	0.11532	0.19946	0.0915488	0.021426	0.911928
82	0.115329	0.19946	0.0918236	0.0214157	0.910992
83	0.116042	0.19946	0.0931063	0.0208174	0.910295
84	0.116042	0.19946	0.0931063	0.0208174	0.910295
85	0.117184	0.19946	0.0948549	0.0205172	0.910631
86	0.118131	0.19946	0.0960966	0.0205586	0.910175
87	0.118662	0.19946	0.0961726	0.0203193	0.910079
88	0.120484	0.19946	0.0985267	0.0205765	0.907366
89	0.121991	0.19946	0.0998874	0.0209088	0.906982
90	0.122514	0.19946	0.101113	0.0205201	0.908279
91	0.125799	0.239157	0.101832	0.0258825	0.909383
92	0.126364	0.239157	0.103324	0.0255261	0.909815
93	0.126746	0.239157	0.104304	0.0252686	0.910823
94	0.128851	0.239157	0.106814	0.0249779	0.909047
95	0.129499	0.239157	0.108299	0.0245729	0.904868
96	0.131095	0.239157	0.110001	0.0240861	0.904244
97	0.132308	0.239157	0.110376	0.0241897	0.903092
98	0.137933	0.239157	0.112365	0.028347	0.903692
99	0.137933	0.239157	0.112365	0.028347	0.903692
100	0.138785	0.239157	0.113522	0.0278571	0.905493
101	0.139673	0.239157	0.115624	0.0273911	0.905901
102	0.140581	0.239157	0.117606	0.0270462	0.905829
103	0.140852	0.239157	0.11806	0.0268567	0.904437
104	0.142814	0.239157	0.118682	0.0283294	0.904701
105	0.144015	0.239157	0.120551	0.0280397	0.905349
106	0.146603	0.239157	0.121655	0.0280918	0.902468
107	0.147345	0.239157	0.122177	0.0276933	0.900259
108	0.147345	0.239157	0.122177	0.0276933	0.900259
109	0.148699	0.239157	0.122893	0.0269804	0.898746
110	0.149598	0.239157	0.123832	0.0265959	0.899706
111	0.151303	0.239157	0.124619	0.0276234	0.897834
112	0.151614	0.239157	0.125081	0.0273693	0.894832
113	0.151614	0.239157	0.125081	0.0273693	0.894832
114	0.151614	0.239157	0.125081	0.0273693	0.894832
115	0.153503	0.239157	0.126259	0.0272543	0.897953
116	0.158576	0.265867	0.127463	0.031393	0.898962
117	0.160048	0.265867	0.128718	0.0305421	0.89997
118	0.160993	0.265867	0.128982	0.0302828	0.899442
119	0.160994	0.265867	0.129004	0.0302823	0.901026
120	0.160994	0.265867	0.129004	0.0302823	0.901026
121	0.16168	0.265867	0.132766	0.0299293	0.900738
122	0.161991	0.265867	0.13303	0.0297028	0.900835
123	0.162245	0.265867	0.133343	0.0294786	0.901867
124	0.162771	0.265867	0.134449	0.0291856	0.896657
125	0.164508	0.265867	0.134834	0.0300377	0.895624
126	0.166417	0.265867	0.135258	0.0311256	0.89584
127	0.166731	0.265867	0.136033	0.0308828	0.892743
128	0.166731	0.265867	0.136033	0.0308828	0.892743
129	0.168399	0.265867	0.137914	0.0305003	0.890654
130	0.169071	0.265867	0.138842	0.0301483	0.89099
131	0.169157	0.265867	0.139272	0.0300668	0.889117
132	0.171113	0.265867	0.141555	0.0301534	0.889069
133	0.172267	0.265867	0.142697	0.0293534	0.88614
134	0.174403	0.265867	0.143855	0.0294916	0.888901
135	0.177091	0.265867	0.147548	0.0302325	0.884916
136	0.178403	0.265867	0.148239	0.0303483	0.882515
137	0.184563	0.272797	0.150708	0.0334915	0.881002
138	0.185384	0.272797	0.150935	0.0330949	0.878217
139	0.186979	0.272797	0.152888	0.0322005	0.881194
140	0.190567	0.272797	0.158127	0.0317556	0.880042
141	0.194036	0.272797	0.161482	0.0312313	0.879802
142	0.19461	0.272797	0.162047	0.0307998	0.877329
143	0.19676	0.272797	0.163319	0.0304319	0.87308
144	0.197711	0.272797	0.16344	0.0301065	0.872191
145	0.197878	0.272797	0.163532	0.0299352	0.871567
146	0.198143	0.272797	0.163822	0.0296824	0.873535
147	0.202022	0.272797	0.166531	0.0292438	0.870823
148	0.202661	0.272797	0.16673	0.0287981	0.872408
149	0.203526	0.272797	0.167375	0.0280424	0.872504
150	0.20415	0.272797	0.168831	0.0275645	0.873416
151	0.205992	0.272797	0.169885	0.0266966	0.874665
152	0.206593	0.272797	0.171787	0.0261273	0.875889
153	0.206593	0.272797	0.171787	0.0261273	0.875889
154	0.207651	0.272797	0.174207	0.0251637	0.870151
155	0.208598	0.272797	0.17507	0.0245069	0.870511
156	0.209577	0.272797	0.175964	0.0236845	0.870343
157	0.210706	0.272797	0.178476	0.022663	0.865157
158	0.210845	0.272797	0.178973	0.0224828	0.864701
159	0.212672	0.272797	0.182578	0.0230506	0.864533
160	0.214643	0.272797	0.184968	0.0228883	0.864004
161	0.21515	0.272797	0.185409	0.02241	0.860523
162	0.215324	0.272797	0.185435	0.0222076	0.865109
163	0.216245	0.272797	0.187694	0.0216962	0.869454
164	0.217337	0.272797	0.189612	0.0214009	0.873151
165	0.217337	0.272797	0.189612	0.0214009	0.873151
166	0.220485	0.272797	0.192166	0.021151	0.874088
167	0.222668	0.274448	0.194088	0.0216731	0.870558
168	0.223178	0.274448	0.196243	0.0212834	0.869142
169	0.223178	0.274448	0.196243	0.0212834	0.869142
170	0.224103	0.274448	0.196308	0.0210929	0.865492
171	0.225278	0.274448	0.196492	0.0211504	0.863452
172	0.225664	0.274448	0.196732	0.0207872	0.865877
173	0.226723	0.274448	0.197763	0.0199756	0.865229
174	0.227322	0.274448	0.198577	0.0194039	0.860187
175	0.228837	0.274448	0.19946	0.0200597	0.860403
176	0.230428	0.274448	0.203655	0.01946	0.858123
177	0.232183	0.286802	0.20574	0.0205261	0.859083
178	0.232584	0.286802	0.20897	0.0201199	0.858482
179	0.233477	0.286802	0.209089	0.0195372	0.860835
180	0.234964	0.286802	0.210834	0.020452	0.857882
181	0.234964	0.286802	0.210834	0.020452	0.857882
182	0.234964	0.286802	0.210834	0.020452	0.857882
183	0.235452	0.286802	0.210869	0.0201534	0.855505
184	0.235452	0.286802	0.210869	0.0201534	0.855505
185	0.236552	0.286802	0.211686	0.0202847	0.85176
186	0.237422	0.286802	0.213486	0.0197797	0.854353
187	0.237422	0.286802	0.213486	0.0197797	0.854353
188	0.23783	0.286802	0.213881	0.0194841	0.852817
189	0.23783	0.286802	0.213881	0.0194841	0.852817
190	0.23813	0.286802	0.21437	0.0192213	0.852049
191	0.239645	0.286802	0.216333	0.0191386	0.847847
192	0.24035	0.286802	0.217051	0.01891	0.84487
193	0.24042	0.286802	0.21949	0.0188281	0.843022
194	0.241584	0.286802	0.219574	0.0192552	0.845495
195	0.241799	0.286802	0.219794	0.0190635	0.843862
196	0.241799	0.286802	0.219794	0.0190635	0.843862
197	0.242401	0.286802	0.220498	0.0185896	0.84259
198	0.244457	0.293434	0.220753	0.0193958	0.837067
199	0.244457	0.293434	0.220753	0.0193958	0.837067
200	0.244457	0.293434	0.220753	0.0193958	0.837067
201	0.244457	0.293434	0.220753	0.0193958	0.837067
202	0.245009	0.293434	0.221302	0.0190977	0.839804
203	0.245009	0.293434	0.221302	0.0190977	0.839804
204	0.245009	0.293434	0.221302	0.0190977	0.839804
205	0.245009	0.293434	0.221302	0.0190977	0.839804
206	0.245125	0.293434	0.221414	0.0189677	0.836707
207	0.245777	0.293434	0.222161	0.0186943	0.835915
208	0.245777	0.293434	0.222161	0.0186943	0.835915
209	0.245777	0.293434	0.222161	0.0186943	0.835915
210	0.246266	0.293434	0.222563	0.0183811	0.832698
211	0.246725	0.293434	0.226069	0.0179428	0.831113
212	0.246725	0.293434	0.226069	0.0179428	0.831113
213	0.246725	0.293434	0.226069	0.0179428	0.831113
214	0.246725	0.293434	0.226069	0.0179428	0.831113
215	0.246725	0.293434	0.226069	0.0179428	0.831113
216	0.246966	0.293434	0.226425	0.0177393	0.831377
217	0.246966	0.293434	0.226425	0.0177393	0.831377
218	0.246966	0.293434	0.226425	0.0177393	0.831377
219	0.246966	0.293434	0.226425	0.0177393	0.831377
220	0.247575	0.293434	0.227116	0.0175412	0.829817
221	0.247575	0.293434	0.227116	0.0175412	0.829817
222	0.248475	0.293434	0.228902	0.0175652	0.827344
223	0.249533	0.293434	0.229436	0.017952	0.826023
224	0.249732	0.293434	0.230114	0.0177792	0.827176
225	0.249836	0.293434	0.230257	0.0176765	0.827488
226	0.250447	0.293434	0.230322	0.0175131	0.82876
227	0.252439	0.308375	0.232091	0.018778	0.83565
228	0.252439	0.308375	0.232091	0.018778	0.83565
229	0.252439	0.308375	0.232091	0.018778	0.83565
230	0.252578	0.308375	0.232582	0.0186498	0.834402
231	0.252837	0.308375	0.233518	0.0184164	0.833178
232	0.252837	0.308375	0.233518	0.0184164	0.833178
233	0.253107	0.308375	0.234253	0.018182	0.836299
234	0.253239	0.308375	0.234371	0.0180658	0.836131
235	0.254163	0.308375	0.234455	0.0182612	0.836419
236	0.254163	0.308375	0.234455	0.0182612	0.836419
237	0.254163	0.308375	0.234455	0.0182612	0.836419
238	0.254796	0.308375	0.235203	0.0178352	0.836923
239	0.255233	0.308375	0.235885	0.0174739	0.842037
240	0.256048	0.308375	0.236226	0.0175033	0.842253
241	0.256048	0.308375	0.236226	0.0175033	0.842253
242	0.256048	0.308375	0.236226	0.0175033	0.842253
243	0.256284	0.308375	0.23661	0.0173087	0.840524
244	0.256767	0.308375	0.237931	0.017084	0.840548
245	0.257759	0.308375	0.238007	0.0174042	0.838052
246	0.258449	0.308375	0.238135	0.0172889	0.83397
247	0.258689	0.308375	0.238165	0.0170832	0.831857
248	0.258689	0.308375	0.238165	0.0170832	0.831857
249	0.258689	0.308375	0.238165	0.0170832	0.831857
250	0.259102	0.308375	0.238641	0.0167779	0.832961
251	0.259102	0.308375	0.238641	0.0167779	0.832961
252	0.259102	0.308375	0.238641	0.0167779	0.832961
253	0.259921	0.308375	0.239027	0.0167579	0.832145
254	0.260474	0.308375	0.239157	0.0165087	0.833562
255	0.261436	0.308375	0.240404	0.0157723	0.828928
256	0.261436	0.308375	0.240404	0.0157723	0.828928
257	0.261436	0.308375	0.240404	0.0157723	0.828928
258	0.261722	0.308375	0.240747	0.0155105	0.831185
259	0.261722	0.308375	0.240747	0.0155105	0.831185
260	0.261722	0.308375	0.240747	0.0155105	0.831185
261	0.261722	0.308375	0.240747	0.0155105	0.831185
262	0.266308	0.469249	0.241654	0.0329911	0.828737
263	0.266609	0.469249	0.242336	0.0328296	0.828305
264	0.266609	0.469249	0.242336	0.0328296	0.828305
265	0.266888	0.469249	0.242598	0.0326496	0.830298
266	0.266888	0.469249	0.242598	0.0326496	0.830298
267	0.267034	0.469249	0.244166	0.032555	0.826168
268	0.267034	0.469249	0.244166	0.032555	0.826168
269	0.267113	0.469249	0.246626	0.0325026	0.829866
270	0.267113	0.469249	0.246626	0.0325026	0.829866
271	0.267265	0.469249	0.246671	0.0324228	0.830346
272	0.267575	0.469249	0.247698	0.0322956	0.829121
273	0.267778	0.469249	0.248019	0.0321999	0.828929
274	0.267778	0.469249	0.248019	0.0321999	0.828929
275	0.267778	0.469249	0.248019	0.0321999	0.828929
276	0.267778	0.469249	0.248019	0.0321999	0.828929
277	0.271313	0.469249	0.248057	0.0389775	0.830274
278	0.271313	0.469249	0.248057	0.0389775	0.830274
279	0.271313	0.469249	0.248057	0.0389775	0.830274
280	0.271313	0.469249	0.248057	0.0389775	0.830274
281	0.271388	0.469249	0.248321	0.0389358	0.831137
282	0.272591	0.469249	0.249539	0.0386757	0.826912
283	0.272835	0.469249	0.249889	0.0385654	0.825879
284	0.272835	0.469249	0.249889	0.0385654	0.825879
285	0.272835	0.469249	0.249889	0.0385654	0.825879
286	0.272835	0.469249	0.249889	0.0385654	0.825879
287	0.273357	0.469249	0.250049	0.0384249	0.826599
288	0.273924	0.469249	0.250215	0.0381879	0.827032
289	0.273924	0.469249	0.250215	0.0381879	0.827032
290	0.274731	0.469249	0.250732	0.0379695	0.82792
291	0.274731	0.469249	0.250732	0.0379695	0.82792
292	0.274731	0.469249	0.250732	0.0379695	0.82792
293	0.27489	0.469249	0.250779	0.0378834	0.825232
294	0.275992	0.469249	0.251564	0.037589	0.822518
295	0.275992	0.469249	0.251564	0.037589	0.822518
296	0.275992	0.469249	0.251564	0.037589	0.822518
297	0.275992	0.469249	0.251564	0.037589	0.822518
298	0.276141	0.469249	0.251774	0.0375046	0.824535
299	0.278357	0.469249	0.25401	0.0392664	0.826048
300	0.278357	0.469249	0.25401	0.0392664	0.826048
301	0.279379	0.469249	0.254198	0.0392846	0.826023
302	0.280205	0.469249	0.254715	0.0391785	0.82852
303	0.280205	0.469249	0.254715	0.0391785	0.82852
304	0.280949	0.469249	0.255098	0.0390377	0.826936
305	0.280949	0.469249	0.255098	0.0390377	0.826936
306	0.280949	0.469249	0.255098	0.0390377	0.826936
307	0.280949	0.469249	0.255098	0.0390377	0.826936
308	0.280949	0.469249	0.255098	0.0390377	0.826936
309	0.280949	0.469249	0.255098	0.0390377	0.826936
310	0.283343	0.469249	0.256755	0.0408407	0.834979
311	0.283895	0.469249	0.25688	0.0406598	0.830298
312	0.285048	0.469249	0.25785	0.0403158	0.828473
313	0.285048	0.469249	0.25785	0.0403158	0.828473
314	0.285048	0.469249	0.25785	0.0403158	0.828473
315	0.287395	0.469249	0.258085	0.0420793	0.828641
316	0.287395	0.469249	0.258085	0.0420793	0.828641
317	0.287395	0.469249	0.258085	0.0420793	0.828641
318	0.287801	0.469249	0.259041	0.0418782	0.829265
319	0.287801	0.469249	0.259041	0.0418782	0.829265
320	0.287988	0.469249	0.259568	0.0417591	0.827729
321	0.287988	0.469249	0.259568	0.0417591	0.827729
322	0.288409	0.469249	0.259827	0.0415725	0.829169
323	0.288453	0.469249	0.260204	0.0415423	0.829985
324	0.290869	0.469249	0.260802	0.0427762	0.835099
325	0.290869	0.469249	0.260802	0.0427762	0.835099
326	0.291367	0.469249	0.260804	0.0425635	0.832218
327	0.291882	0.469249	0.261767	0.0423414	0.832962
328	0.291882	0.469249	0.261767	0.0423414	0.832962
329	0.291882	0.469249	0.261767	0.0423414	0.832962
330	0.292214	0.469249	0.2618	0.0421649	0.834739
331	0.292507	0.469249	0.262059	0.0420001	0.836707
332	0.292507	0.469249	0.262059	0.0420001	0.836707
333	0.296783	0.475888	0.262187	0.0491194	0.835123
334	0.296783	0.475888	0.262187	0.0491194	0.835123
335	0.296783	0.475888	0.262187	0.0491194	0.835123
336	0.297083	0.475888	0.262493	0.0489495	0.836131
337	0.303915	0.494411	0.265375	0.0567076	0.836131
338	0.303915	0.494411	0.265375	0.0567076	0.836131
339	0.304811	0.494411	0.265865	0.0564396	0.833586
340	0.304811	0.494411	0.265865	0.0564396	0.833586
341	0.305176	0.494411	0.265867	0.0562411	0.833851
342	0.305176	0.494411	0.265867	0.0562411	0.833851
343	0.305176	0.494411	0.265867	0.0562411	0.833851
344	0.30545	0.494411	0.266679	0.0560789	0.829865
345	0.30545	0.494411	0.266679	0.0560789	0.829865
346	0.307867	0.494411	0.270029	0.0557049	0.830778
347	0.308106	0.494411	0.27091	0.0555646	0.833707
348	0.308106	0.494411	0.27091	0.0555646	0.833707
349	0.310577	0.494411	0.271619	0.0566138	0.831738
350	0.315555	0.494411	0.272797	0.0582575	0.821342
351	0.315967	0.494411	0.274324	0.0580214	0.817285
352	0.315967	0.494411	0.274324	0.0580214	0.817285
353	0.316571	0.494411	0.274448	0.0577354	0.82091
354	0.319959	0.494411	0.275987	0.057948	0.826768
355	0.322166	0.494411	0.276421	0.0583399	0.830225
356	0.323312	0.494411	0.276634	0.0579847	0.828401
357	0.323312	0.494411	0.276634	0.0579847	0.828401
358	0.323312	0.494411	0.276634	0.0579847	0.828401
359	0.323312	0.494411	0.276634	0.0579847	0.828401
360	0.327968	0.509408	0.276947	0.0632646	0.826768
361	0.332231	0.509408	0.277171	0.0645944	0.825111
362	0.338212	0.509408	0.278397	0.066157	0.820165
363	0.338212	0.509408	0.278397	0.066157	0.820165
364	0.344345	0.509408	0.27958	0.0684326	0.814667
365	0.344411	0.509408	0.280563	0.0683709	0.815915
366	0.344676	0.509408	0.280619	0.0681439	0.810225
367	0.344676	0.509408	0.280619	0.0681439	0.810225
368	0.352854	0.509408	0.282915	0.0669695	0.793323
369	0.357942	0.537332	0.283456	0.0710859	0.787417
370	0.357942	0.537332	0.283456	0.0710859	0.787417
371	0.359709	0.537332	0.284126	0.0702901	0.788449
372	0.371031	0.537332	0.28527	0.0724911	0.780622
373	0.374794	0.537332	0.286556	0.0721951	0.780598
374	0.374983	0.537332	0.286802	0.0719718	0.778774
375	0.391297	0.537332	0.293795	0.0712334	0.763169
376	0.398724	0.537332	0.295989	0.0697739	0.757144
377	0.406375	0.537332	0.305096	0.0642218	0.756375
378	0.409884	0.537332	0.310183	0.0610959	0.741369
379	0.41412	0.537332	0.33265	0.0574287	0.739665
380	0.416114	0.537332	0.335821	0.0553681	0.75419
381	0.418187	0.537332	0.343105	0.0530694	0.757119
382	0.424325	0.537332	0.353261	0.0519604	0.750012
383	0.425258	0.537332	0.361896	0.0508759	0.756399
384	0.427309	0.537332	0.362483	0.0503339	0.75359
385	0.429049	0.537332	0.36613	0.0489264	0.762353
386	0.431444	0.537332	0.368181	0.0487137	0.762497
387	0.43418	0.537332	0.371325	0.0471807	0.76036
388	0.437109	0.537332	0.373612	0.0453201	0.763482
389	0.442266	0.537332	0.381242	0.0423015	0.77419
390	0.444652	0.537332	0.386082	0.0411023	0.772318
391	0.447177	0.537332	0.388322	0.0395047	0.776016
392	0.449003	0.537332	0.390075	0.0388331	0.776424
393	0.449003	0.537332	0.390075	0.0388331	0.776424
394	0.451919	0.537332	0.397585	0.036191	0.77856
395	0.457197	0.537332	0.401272	0.0367079	0.778152
396	0.462925	0.537332	0.411643	0.0348689	0.781609
397	0.468537	0.537332	0.418061	0.0330059	0.786003
398	0.474209	0.537332	0.42595	0.0302178	0.799832
399	0.474486	0.537332	0.426226	0.0298272	0.800048
400	0.475731	0.537332	0.427838	0.0288384	0.796591
401	0.476032	0.537332	0.427971	0.0284036	0.796519
402	0.478833	0.537332	0.431967	0.0267665	0.795798
403	0.481286	0.537332	0.442887	0.0251097	0.799352
404	0.482208	0.537332	0.443942	0.0245104	0.800048
405	0.485209	0.537332	0.450825	0.0232162	0.801009
406	0.487361	0.537332	0.45689	0.0220231	0.803554
407	0.492275	0.537332	0.462159	0.0208778	0.810396
408	0.493828	0.539306	0.464977	0.0214353	0.809891
409	0.493828	0.539306	0.464977	0.0214353	0.809891
410	0.493828	0.539306	0.464977	0.0214353	0.809891
411	0.496892	0.539306	0.466486	0.0210865	0.812004
412	0.497475	0.539306	0.469249	0.0205908	0.812364
413	0.49801	0.539306	0.469459	0.020186	0.816614
414	0.500484	0.539306	0.47328	0.0184247	0.819687
415	0.502306	0.539306	0.475888	0.0175633	0.823048
416	0.5028	0.539306	0.47865	0.0171475	0.825953
417	0.5028	0.539306	0.47865	0.0171475	0.825953
418	0.50385	0.539306	0.479627	0.0172465	0.824656
419	0.506169	0.539306	0.482761	0.0168582	0.83037
420	0.50771	0.539306	0.485801	0.016257	0.833708
421	0.50789	0.539306	0.485863	0.016058	0.834476
422	0.50789	0.539306	0.485863	0.016058	0.834476
423	0.508722	0.539306	0.486127	0.0159702	0.834692
424	0.508722	0.539306	0.486127	0.0159702	0.834692
425	0.509567	0.539306	0.487575	0.0152584	0.838461
426	0.510052	0.539306	0.487981	0.0149268	0.839661
427	0.512873	0.544472	0.493677	0.0139623	0.846527
428	0.51375	0.544472	0.494411	0.0137344	0.84636
429	0.51375	0.544472	0.494411	0.0137344	0.84636
430	0.514025	0.544472	0.495541	0.0134449	0.84696
431	0.514326	0.544472	0.495999	0.0131885	0.845159
432	0.515203	0.544472	0.497649	0.0125221	0.841534
433	0.515203	0.544472	0.497649	0.0125221	0.841534
434	0.51548	0.544472	0.497875	0.0122767	0.841822
435	0.51548	0.544472	0.497875	0.0122767	0.841822
436	0.515914	0.544472	0.499982	0.0120224	0.84235
437	0.516342	0.544472	0.500275	0.011823	0.843167
438	0.516342	0.544472	0.500275	0.011823	0.843167
439	0.517771	0.544472	0.501617	0.011561	0.838725
440	0.518339	0.544472	0.502046	0.0114488	0.837933
441	0.518544	0.544472	0.502231	0.0112411	0.838173
442	0.518544	0.544472	0.502231	0.0112411	0.838173
443	0.520285	0.544472	0.504542	0.0109997	0.836732
444	0.52079	0.544472	0.50724	0.0105931	0.841725
445	0.520898	0.544472	0.508057	0.0104793	0.842325
446	0.521412	0.544472	0.508735	0.0103046	0.845087
447	0.521973	0.544472	0.509499	0.01002	0.841486
448	0.521973	0.544472	0.509499	0.01002	0.841486
449	0.523043	0.547043	0.50979	0.0103003	0.842518
450	0.523043	0.547043	0.50979	0.0103003	0.842518
451	0.523489	0.547043	0.510552	0.0101975	0.841005
452	0.523817	0.547043	0.510581	0.0100353	0.841293
453	0.524198	0.547043	0.510619	0.00988334	0.837332
454	0.524198	0.547043	0.510619	0.00988334	0.837332
455	0.524198	0.547043	0.510619	0.00988334	0.837332
456	0.524198	0.547043	0.510619	0.00988334	0.837332
457	0.524198	0.547043	0.510619	0.00988334	0.837332
458	0.524658	0.547043	0.511729	0.00956606	0.837236
459	0.524658	0.547043	0.511729	0.00956606	0.837236
460	0.525533	0.555519	0.511797	0.0103321	0.840429
461	0.526411	0.555519	0.512104	0.010088	0.834692
462	0.526707	0.555519	0.512218	0.00987449	0.833539
463	0.526707	0.555519	0.512218	0.00987449	0.833539
464	0.526707	0.555519	0.512218	0.00987449	0.833539
465	0.527166	0.555519	0.512242	0.00971938	0.832363
466	0.528387	0.555519	0.512626	0.00970933	0.829194
467	0.528716	0.555519	0.512638	0.00943929	0.830082
468	0.528771	0.555519	0.515355	0.00935225	0.828137
469	0.528856	0.555519	0.515598	0.00924669	0.827969
470	0.530116	0.555519	0.517219	0.00948734	0.826697
471	0.530116	0.555519	0.517219	0.00948734	0.826697
472	0.530116	0.555519	0.517219	0.00948734	0.826697
473	0.530593	0.555519	0.517623	0.00932667	0.825809
474	0.530593	0.555519	0.517623	0.00932667	0.825809
475	0.531151	0.555519	0.518431	0.0093694	0.826433
476	0.531401	0.555519	0.519148	0.00913315	0.821391
477	0.531401	0.555519	0.519148	0.00913315	0.821391
478	0.531409	0.555519	0.519558	0.0091219	0.818438
479	0.531409	0.555519	0.519558	0.0091219	0.818438
480	0.531409	0.555519	0.519558	0.0091219	0.818438
481	0.531409	0.555519	0.519558	0.0091219	0.818438
482	0.531409	0.555519	0.519558	0.0091219	0.818438
483	0.531409	0.555519	0.519558	0.0091219	0.818438
484	0.531409	0.555519	0.519558	0.0091219	0.818438
485	0.532931	0.579051	0.51959	0.0110409	0.821655
486	0.533889	0.579051	0.519701	0.0114489	0.82456
487	0.534193	0.579051	0.52066	0.0112649	0.824392
488	0.534193	0.579051	0.52066	0.0112649	0.824392
489	0.534878	0.579051	0.521393	0.0114638	0.820719
490	0.53495	0.579051	0.521834	0.011385	0.814741
491	0.53495	0.579051	0.521834	0.011385	0.814741
492	0.535692	0.579051	0.522432	0.0111927	0.816518
493	0.536252	0.579051	0.523071	0.0112167	0.81683
494	0.536349	0.579051	0.523722	0.0111211	0.81743
495	0.536349	0.579051	0.523722	0.0111211	0.81743
496	0.537208	0.579051	0.524165	0.0112102	0.816326
497	0.537208	0.579051	0.524165	0.0112102	0.816326
498	0.537208	0.579051	0.524165	0.0112102	0.816326
499	0.53734	0.579051	0.525654	0.0110917	0.815462
500	0.53734	0.579051	0.525654	0.0110917	0.815462
501	0.537483	0.579051	0.525822	0.0109835	0.811212
502	0.537733	0.579051	0.52604	0.0108542	0.813973
503	0.537733	0.579051	0.52604	0.0108542	0.813973
504	0.537733	0.579051	0.52604	0.0108542	0.813973
505	0.538129	0.579051	0.526891	0.0107796	0.81126
506	0.538129	0.579051	0.526891	0.0107796	0.81126
507	0.538129	0.579051	0.526891	0.0107796	0.81126
508	0.539034	0.579051	0.526938	0.0114864	0.81306
509	0.539034	0.579051	0.526938	0.0114864	0.81306
510	0.540658	0.579051	0.527437	0.0125829	0.815702
511	0.541039	0.579051	0.527454	0.0124623	0.81803
512	0.541694	0.579051	0.528213	0.0122698	0.817766
513	0.541785	0.579051	0.529073	0.012185	0.81911
514	0.541852	0.579051	0.529474	0.0121221	0.814429
515	0.542155	0.579051	0.529788	0.0119337	0.819423
516	0.54222	0.579051	0.529962	0.0118737	0.820791
517	0.54222	0.579051	0.529962	0.0118737	0.820791
518	0.54222	0.579051	0.529962	0.0118737	0.820791
519	0.542356	0.579051	0.530047	0.0117691	0.820071
520	0.542607	0.579051	0.530118	0.0116343	0.817791
521	0.543056	0.579051	0.530493	0.0115754	0.813877
522	0.543119	0.579051	0.53077	0.011514	0.815102
523	0.543119	0.579051	0.53077	0.011514	0.815102
524	0.543119	0.579051	0.53077	0.011514	0.815102
525	0.543119	0.579051	0.53077	0.011514	0.815102
526	0.543119	0.579051	0.53077	0.011514	0.815102
527	0.543712	0.579051	0.532121	0.0113159	0.82132
528	0.543712	0.579051	0.532121	0.0113159	0.82132
529	0.543712	0.579051	0.532121	0.0113159	0.82132
530	0.544379	0.579051	0.532459	0.0115975	0.822712
531	0.544723	0.579051	0.532674	0.0114916	0.825689
532	0.544723	0.579051	0.532674	0.0114916	0.825689
533	0.545654	0.579051	0.5328	0.0114277	0.82192
534	0.546799	0.58052	0.533265	0.0121506	0.824392
535	0.54706	0.58052	0.533392	0.0119217	0.823096
536	0.547408	0.58052	0.533409	0.0117676	0.824681
537	0.54767	0.58052	0.533647	0.0115941	0.823696
538	0.54814	0.58052	0.535043	0.0113627	0.823313
539	0.548401	0.58052	0.535166	0.0112045	0.822088
540	0.548449	0.58052	0.536101	0.0111512	0.823049
541	0.549237	0.58052	0.536744	0.010951	0.823481
542	0.550574	0.603591	0.536771	0.0132367	0.825569
543	0.550574	0.603591	0.536771	0.0132367	0.825569
544	0.550757	0.603591	0.537589	0.0130782	0.821752
545	0.550757	0.603591	0.537589	0.0130782	0.821752
546	0.551428	0.603591	0.537806	0.0132494	0.823025
547	0.551428	0.603591	0.537806	0.0132494	0.823025
548	0.551428	0.603591	0.537806	0.0132494	0.823025
549	0.551428	0.603591	0.537806	0.0132494	0.823025
550	0.551515	0.603591	0.538341	0.0131726	0.823673
551	0.551515	0.603591	0.538341	0.0131726	0.823673
552	0.552226	0.603591	0.538912	0.0129297	0.82096
553	0.552226	0.603591	0.538912	0.0129297	0.82096
554	0.55233	0.603591	0.538945	0.0128412	0.820047
555	0.552614	0.603591	0.539306	0.0126954	0.822808
556	0.553084	0.603591	0.539391	0.0126277	0.826313
557	0.553689	0.603591	0.539603	0.0123221	0.827754
558	0.55432	0.603591	0.540198	0.0121027	0.83198
559	0.554904	0.603591	0.540691	0.0118086	0.830491
560	0.554904	0.603591	0.540691	0.0118086	0.830491
561	0.555092	0.603591	0.541599	0.0116514	0.830683
562	0.555092	0.603591	0.541599	0.0116514	0.830683
563	0.555092	0.603591	0.541599	0.0116514	0.830683
564	0.555092	0.603591	0.541599	0.0116514	0.830683
565	0.555147	0.603591	0.54213	0.0115929	0.832123
566	0.555147	0.603591	0.54213	0.0115929	0.832123
567	0.555147	0.603591	0.54213	0.0115929	0.832123
568	0.555507	0.603591	0.542561	0.011459	0.833443
569	0.555528	0.603591	0.542606	0.0114356	0.835028
570	0.555528	0.603591	0.542606	0.0114356	0.835028
571	0.55564	0.603591	0.542784	0.0113331	0.835388
572	0.555643	0.603591	0.542941	0.0113295	0.836804
573	0.555864	0.603591	0.543617	0.0111835	0.833587
574	0.555864	0.603591	0.543617	0.0111835	0.833587
575	0.556145	0.603591	0.5441	0.0110452	0.832795
576	0.556145	0.603591	0.5441	0.0110452	0.832795
577	0.556182	0.603591	0.544342	0.0110067	0.83498
578	0.556182	0.603591	0.544342	0.0110067	0.83498
579	0.556216	0.603591	0.544738	0.0109715	0.832987
580	0.556216	0.603591	0.544738	0.0109715	0.832987
581	0.556398	0.603591	0.545524	0.010852	0.836252
582	0.556717	0.603591	0.545761	0.0107597	0.834379
583	0.556717	0.603591	0.545761	0.0107597	0.834379
584	0.556878	0.603591	0.545964	0.0106261	0.835676
585	0.557247	0.603591	0.54597	0.0105597	0.83462
586	0.557247	0.603591	0.54597	0.0105597	0.83462
587	0.557883	0.603591	0.546516	0.01035	0.831955
588	0.557883	0.603591	0.546516	0.01035	0.831955
589	0.557883	0.603591	0.546516	0.01035	0.831955
590	0.558182	0.603591	0.546809	0.0102301	0.831739
591	0.558182	0.603591	0.546809	0.0102301	0.831739
592	0.558182	0.603591	0.546809	0.0102301	0.831739
593	0.558523	0.603591	0.547043	0.0101266	0.832603
594	0.558523	0.603591	0.547043	0.0101266	0.832603
595	0.558831	0.603591	0.547429	0.0100038	0.832963
596	0.558831	0.603591	0.547429	0.0100038	0.832963
597	0.558831	0.603591	0.547429	0.0100038	0.832963
598	0.558831	0.603591	0.547429	0.0100038	0.832963
599	0.558841	0.603591	0.547953	0.00999191	0.833107
600	0.558841	0.603591	0.547953	0.00999191	0.833107
601	0.559027	0.603591	0.548099	0.00987085	0.831234
602	0.559027	0.603591	0.548099	0.00987085	0.831234
603	0.559027	0.603591	0.548099	0.00987085	0.831234
604	0.559086	0.603591	0.548225	0.00981328	0.831235
605	0.559567	0.603591	0.548293	0.00985959	0.832627
606	0.559567	0.603591	0.548293	0.00985959	0.832627
607	0.559567	0.603591	0.548293	0.00985959	0.832627
608	0.560134	0.603591	0.549293	0.010011	0.830851
609	0.560331	0.603591	0.549682	0.00988947	0.831259
610	0.560331	0.603591	0.549682	0.00988947	0.831259
611	0.560331	0.603591	0.549682	0.00988947	0.831259
612	0.560737	0.603591	0.550096	0.0098601	0.829987
613	0.560737	0.603591	0.550096	0.0098601	0.829987
614	0.560737	0.603591	0.550096	0.0098601	0.829987
615	0.560737	0.603591	0.550096	0.0098601	0.829987
616	0.560786	0.603591	0.550453	0.00981222	0.83222
617	0.561061	0.603591	0.550809	0.00970878	0.83354
618	0.561061	0.603591	0.550809	0.00970878	0.83354
619	0.561061	0.603591	0.550809	0.00970878	0.83354
620	0.561061	0.603591	0.550809	0.00970878	0.83354
621	0.561061	0.603591	0.550809	0.00970878	0.83354
622	0.561061	0.603591	0.550809	0.00970878	0.83354
623	0.56113	0.603591	0.551022	0.00964584	0.832652
624	0.56113	0.603591	0.551022	0.00964584	0.832652
625	0.561275	0.603591	0.551325	0.00954475	0.832315
626	0.561275	0.603591	0.551325	0.00954475	0.832315
627	0.561275	0.603591	0.551325	0.00954475	0.832315
628	0.561275	0.603591	0.551325	0.00954475	0.832315
629	0.562333	0.603591	0.551993	0.0101067	0.834885
630	0.562333	0.603591	0.551993	0.0101067	0.834885
631	0.562333	0.603591	0.551993	0.0101067	0.834885
632	0.562333	0.603591	0.551993	0.0101067	0.834885
633	0.562436	0.603591	0.552024	0.0100251	0.83222
634	0.562686	0.603591	0.552539	0.00991559	0.831764
635	0.562686	0.603591	0.552539	0.00991559	0.831764
636	0.562686	0.603591	0.552539	0.00991559	0.831764
637	0.562686	0.603591	0.552539	0.00991559	0.831764
638	0.562686	0.603591	0.552539	0.00991559	0.831764
639	0.562686	0.603591	0.552539	0.00991559	0.831764
640	0.562686	0.603591	0.552539	0.00991559	0.831764
641	0.562863	0.603591	0.552563	0.00980918	0.833708
642	0.562863	0.603591	0.552563	0.00980918	0.833708
643	0.562863	0.603591	0.552563	0.00980918	0.833708
644	0.563573	0.603591	0.553245	0.0100595	0.831163
645	0.563573	0.603591	0.553245	0.0100595	0.831163
646	0.563573	0.603591	0.553245	0.0100595	0.831163
647	0.563573	0.603591	0.553245	0.0100595	0.831163
648	0.563573	0.603591	0.553245	0.0100595	0.831163
649	0.563573	0.603591	0.553245	0.0100595	0.831163
650	0.564002	0.603591	0.553862	0.00984296	0.834092
651	0.564956	0.603591	0.553982	0.0105259	0.834716
652	0.564956	0.603591	0.553982	0.0105259	0.834716
653	0.564956	0.603591	0.553982	0.0105259	0.834716
654	0.566419	0.621168	0.554885	0.0129911	0.834669
655	0.566419	0.621168	0.554885	0.0129911	0.834669
656	0.566419	0.621168	0.554885	0.0129911	0.834669
657	0.566675	0.621168	0.555058	0.0128848	0.838726
658	0.566675	0.621168	0.555058	0.0128848	0.838726
659	0.566675	0.621168	0.555058	0.0128848	0.838726
660	0.566716	0.621168	0.55529	0.0128502	0.837958
661	0.566716	0.621168	0.55529	0.0128502	0.837958
662	0.567687	0.621168	0.557117	0.0126271	0.838198
663	0.567789	0.621168	0.557144	0.0125604	0.835581
664	0.567789	0.621168	0.557144	0.0125604	0.835581
665	0.567999	0.621168	0.557293	0.0124354	0.837405
666	0.568131	0.621168	0.557375	0.0123542	0.84139
667	0.568959	0.621168	0.557655	0.0123042	0.842782
668	0.569669	0.621168	0.557904	0.0126578	0.842878
669	0.569669	0.621168	0.557904	0.0126578	0.842878
670	0.569741	0.621168	0.557989	0.0125995	0.844631
671	0.569741	0.621168	0.557989	0.0125995	0.844631
672	0.569886	0.621168	0.558272	0.012503	0.847823
673	0.569886	0.621168	0.558272	0.012503	0.847823
674	0.569886	0.621168	0.558272	0.012503	0.847823
675	0.569886	0.621168	0.558272	0.012503	0.847823
676	0.570226	0.621168	0.559157	0.0124117	0.849624
677	0.570323	0.621168	0.559613	0.0123421	0.851329
678	0.570353	0.621168	0.560106	0.0123172	0.851617
679	0.570353	0.621168	0.560106	0.0123172	0.851617
680	0.570353	0.621168	0.560106	0.0123172	0.851617
681	0.570353	0.621168	0.560106	0.0123172	0.851617
682	0.570353	0.621168	0.560106	0.0123172	0.851617
683	0.570353	0.621168	0.560106	0.0123172	0.851617
684	0.570525	0.621168	0.560286	0.012231	0.851089
685	0.570525	0.621168	0.560286	0.012231	0.851089
686	0.570525	0.621168	0.560286	0.012231	0.851089
687	0.570525	0.621168	0.560286	0.012231	0.851089
688	0.570983	0.621168	0.560565	0.0122684	0.852001
689	0.570983	0.621168	0.560565	0.0122684	0.852001
690	0.570983	0.621168	0.560565	0.0122684	0.852001
691	0.570983	0.621168	0.560565	0.0122684	0.852001
692	0.571092	0.621168	0.561087	0.0121981	0.852505
693	0.571092	0.621168	0.561087	0.0121981	0.852505
694	0.571092	0.621168	0.561087	0.0121981	0.852505
695	0.571092	0.621168	0.561087	0.0121981	0.852505
696	0.571092	0.621168	0.561087	0.0121981	0.852505
697	0.571092	0.621168	0.561087	0.0121981	0.852505
698	0.571166	0.621168	0.561118	0.0121473	0.85116
699	0.571398	0.621168	0.561186	0.012062	0.851616
700	0.571398	0.621168	0.561186	0.012062	0.851616
701	0.571398	0.621168	0.561186	0.012062	0.851616
702	0.571398	0.621168	0.561186	0.012062	0.851616
703	0.571398	0.621168	0.561186	0.012062	0.851616
704	0.571398	0.621168	0.561186	0.012062	0.851616
705	0.571463	0.621168	0.561229	0.0120143	0.852432
706	0.571463	0.621168	0.561229	0.0120143	0.852432
707	0.571532	0.621168	0.561384	0.0119641	0.854185
708	0.571532	0.621168	0.561384	0.0119641	0.854185
709	0.571532	0.621168	0.561384	0.0119641	0.854185
710	0.571532	0.621168	0.561384	0.0119641	0.854185
711	0.571601	0.621168	0.561451	0.0119144	0.854832
712	0.571601	0.621168	0.561451	0.0119144	0.854832
713	0.571601	0.621168	0.561451	0.0119144	0.854832
714	0.571601	0.621168	0.561451	0.0119144	0.854832
715	0.572006	0.621168	0.561463	0.0119069	0.854496
716	0.572006	0.621168	0.561463	0.0119069	0.854496
717	0.572134	0.621168	0.561513	0.0118253	0.854496
718	0.572134	0.621168	0.561513	0.0118253	0.854496
719	0.572134	0.621168	0.561513	0.0118253	0.854496
720	0.572134	0.621168	0.561513	0.0118253	0.854496
721	0.572134	0.621168	0.561513	0.0118253	0.854496
722	0.572134	0.621168	0.561513	0.0118253	0.854496
723	0.572134	0.621168	0.561513	0.0118253	0.854496
724	0.572841	0.621168	0.561778	0.0122269	0.853656
725	0.572841	0.621168	0.561778	0.0122269	0.853656
726	0.572841	0.621168	0.561778	0.0122269	0.853656
727	0.572841	0.621168	0.561778	0.0122269	0.853656
728	0.572841	0.621168	0.561778	0.0122269	0.853656
729	0.572841	0.621168	0.561778	0.0122269	0.853656
730	0.573507	0.621168	0.562451	0.0121664	0.85344
731	0.573507	0.621168	0.562451	0.0121664	0.85344
732	0.573686	0.621168	0.562504	0.012066	0.852672
733	0.573878	0.621168	0.562819	0.0119604	0.85188
734	0.573878	0.621168	0.562819	0.0119604	0.85188
735	0.573878	0.621168	0.562819	0.0119604	0.85188
736	0.573878	0.621168	0.562819	0.0119604	0.85188
737	0.574224	0.621168	0.563833	0.0118842	0.852768
738	0.574278	0.621168	0.563884	0.0118424	0.852143
739	0.576383	0.621168	0.564016	0.0133057	0.844653
740	0.576383	0.621168	0.564016	0.0133057	0.844653
741	0.576383	0.621168	0.564016	0.0133057	0.844653
742	0.576383	0.621168	0.564016	0.0133057	0.844653
743	0.576758	0.621168	0.56419	0.0132138	0.844125
744	0.576758	0.621168	0.56419	0.0132138	0.844125
745	0.577008	0.621168	0.564425	0.0130889	0.843357
746	0.577008	0.621168	0.564425	0.0130889	0.843357
747	0.577008	0.621168	0.564425	0.0130889	0.843357
748	0.577008	0.621168	0.564425	0.0130889	0.843357
749	0.577162	0.621168	0.564452	0.0129827	0.846622
750	0.577162	0.621168	0.564452	0.0129827	0.846622
751	0.577162	0.621168	0.564452	0.0129827	0.846622
752	0.577162	0.621168	0.564452	0.0129827	0.846622
753	0.577939	0.621168	0.56468	0.0129174	0.844557
754	0.577939	0.621168	0.56468	0.0129174	0.844557
755	0.578209	0.621168	0.564785	0.0127749	0.842733
756	0.579044	0.621168	0.564819	0.013234	0.843813
757	0.579044	0.621168	0.564819	0.013234	0.843813
758	0.579044	0.621168	0.564819	0.013234	0.843813
759	0.579677	0.621168	0.565218	0.0132977	0.840956
760	0.58012	0.621168	0.565307	0.0131744	0.837739
761	0.580977	0.621168	0.565456	0.0135781	0.837163
762	0.581527	0.621168	0.566	0.0134938	0.838699
763	0.581796	0.621168	0.566505	0.0133109	0.838531
764	0.582071	0.621168	0.5677	0.0130765	0.840812
765	0.582282	0.621168	0.567871	0.0129229	0.838652
766	0.582289	0.621168	0.567871	0.0129146	0.838363
767	0.582289	0.621168	0.567871	0.0129146	0.838363
768	0.582289	0.621168	0.567871	0.0129146	0.838363
769	0.582289	0.621168	0.567871	0.0129146	0.838363
770	0.582289	0.621168	0.567871	0.0129146	0.838363
771	0.582359	0.621168	0.568237	0.0128438	0.836995
772	0.582359	0.621168	0.568237	0.0128438	0.836995
773	0.582428	0.621168	0.568706	0.0127756	0.836491
774	0.582428	0.621168	0.568706	0.0127756	0.836491
775	0.582428	0.621168	0.568706	0.0127756	0.836491
776	0.582546	0.621168	0.569589	0.0126733	0.836227
777	0.58281	0.621168	0.569613	0.0125346	0.83265
778	0.58281	0.621168	0.569613	0.0125346	0.83265
779	0.583008	0.621168	0.569986	0.0123994	0.830634
780	0.583008	0.621168	0.569986	0.0123994	0.830634
781	0.583008	0.621168	0.569986	0.0123994	0.830634
782	0.583008	0.621168	0.569986	0.0123994	0.830634
783	0.583008	0.621168	0.569986	0.0123994	0.830634
784	0.583397	0.621168	0.570315	0.0122873	0.828761
785	0.583397	0.621168	0.570315	0.0122873	0.828761
786	0.583397	0.621168	0.570315	0.0122873	0.828761
787	0.58352	0.621168	0.570672	0.0121807	0.823503
788	0.583611	0.621168	0.570994	0.0120994	0.827824
789	0.583792	0.621168	0.571174	0.011974	0.82672
790	0.583792	0.621168	0.571174	0.011974	0.82672
791	0.583792	0.621168	0.571174	0.011974	0.82672
792	0.58434	0.621168	0.57137	0.0120116	0.823191
793	0.58434	0.621168	0.57137	0.0120116	0.823191
794	0.58434	0.621168	0.57137	0.0120116	0.823191
795	0.58434	0.621168	0.57137	0.0120116	0.823191
796	0.584979	0.621168	0.571393	0.0121565	0.821703
797	0.584979	0.621168	0.571393	0.0121565	0.821703
798	0.586071	0.621168	0.571681	0.0128721	0.819422
799	0.586071	0.621168	0.571681	0.0128721	0.819422
800	0.586896	0.621168	0.572092	0.0132479	0.817861
801	0.587471	0.621168	0.572122	0.0132153	0.816516
802	0.587471	0.621168	0.572122	0.0132153	0.816516
803	0.587471	0.621168	0.572122	0.0132153	0.816516
804	0.587471	0.621168	0.572122	0.0132153	0.816516
805	0.587471	0.621168	0.572122	0.0132153	0.816516
806	0.587471	0.621168	0.572122	0.0132153	0.816516
807	0.587647	0.621168	0.572284	0.0130645	0.813299
808	0.588455	0.621168	0.572703	0.0133428	0.810443
809	0.588927	0.621168	0.574019	0.0131904	0.813396
810	0.588927	0.621168	0.574019	0.0131904	0.813396
811	0.588927	0.621168	0.574019	0.0131904	0.813396
812	0.588927	0.621168	0.574019	0.0131904	0.813396
813	0.588927	0.621168	0.574019	0.0131904	0.813396
814	0.588927	0.621168	0.574019	0.0131904	0.813396
815	0.589186	0.621168	0.574589	0.0130177	0.810923
816	0.589186	0.621168	0.574589	0.0130177	0.810923
817	0.590934	0.621168	0.57635	0.0128544	0.810419
818	0.591067	0.621168	0.576495	0.0127345	0.806577
819	0.591067	0.621168	0.576495	0.0127345	0.806577
820	0.591067	0.621168	0.576495	0.0127345	0.806577
821	0.592366	0.621168	0.576709	0.0125134	0.806698
822	0.592366	0.621168	0.576709	0.0125134	0.806698
823	0.592366	0.621168	0.576709	0.0125134	0.806698
824	0.592366	0.621168	0.576709	0.0125134	0.806698
825	0.592557	0.621168	0.577333	0.0123412	0.804321
826	0.593127	0.621168	0.578175	0.0122821	0.807106
827	0.593738	0.621168	0.578209	0.0122823	0.803985
828	0.59405	0.621168	0.579051	0.0120762	0.8024
829	0.594757	0.621168	0.579504	0.0117709	0.800624
830	0.594786	0.621168	0.579613	0.0117347	0.801848
831	0.594786	0.621168	0.579613	0.0117347	0.801848
832	0.594912	0.621168	0.580017	0.0116017	0.798535
833	0.595117	0.621168	0.580143	0.0114221	0.799784
834	0.596055	0.621168	0.58092	0.0111464	0.794287
835	0.5961	0.621168	0.580938	0.0110883	0.795079
836	0.596294	0.621168	0.581725	0.0109011	0.794719
837	0.596774	0.621168	0.582195	0.0107745	0.792462
838	0.596774	0.621168	0.582195	0.0107745	0.792462
839	0.597333	0.621168	0.582756	0.0107279	0.793014
840	0.597333	0.621168	0.582756	0.0107279	0.793014
841	0.59757	0.621168	0.582795	0.0105284	0.790637
842	0.59757	0.621168	0.582795	0.0105284	0.790637
843	0.598126	0.621168	0.582984	0.0104654	0.794287
844	0.598126	0.621168	0.582984	0.0104654	0.794287
845	0.598126	0.621168	0.582984	0.0104654	0.794287
846	0.598261	0.621168	0.583176	0.0103078	0.795487
847	0.598261	0.621168	0.583176	0.0103078	0.795487
848	0.598261	0.621168	0.583176	0.0103078	0.795487
849	0.598261	0.621168	0.583176	0.0103078	0.795487
850	0.599138	0.627025	0.583188	0.0108492	0.795103
851	0.599733	0.627025	0.583816	0.0107714	0.796039
852	0.599806	0.627025	0.585311	0.0106726	0.800553
853	0.599806	0.627025	0.585311	0.0106726	0.800553
854	0.599806	0.627025	0.585311	0.0106726	0.800553
855	0.599806	0.627025	0.585311	0.0106726	0.800553
856	0.600223	0.627025	0.586269	0.0103132	0.801417
857	0.600223	0.627025	0.586269	0.0103132	0.801417
858	0.600223	0.627025	0.586269	0.0103132	0.801417
859	0.600223	0.627025	0.586269	0.0103132	0.801417
860	0.600488	0.627025	0.586318	0.0101158	0.80317
861	0.600901	0.627025	0.586477	0.00994585	0.804586
862	0.600977	0.627025	0.586995	0.00984761	0.80461
863	0.600977	0.627025	0.586995	0.00984761	0.80461
864	0.600977	0.627025	0.586995	0.00984761	0.80461
865	0.601481	0.627025	0.587354	0.00976163	0.805403
866	0.601481	0.627025	0.587354	0.00976163	0.805403
867	0.601481	0.627025	0.587354	0.00976163	0.805403
868	0.601481	0.627025	0.587354	0.00976163	0.805403
869	0.601958	0.627025	0.588507	0.00935079	0.804802
870	0.601958	0.627025	0.588507	0.00935079	0.804802
871	0.601958	0.627025	0.588507	0.00935079	0.804802
872	0.601958	0.627025	0.588507	0.00935079	0.804802
873	0.602462	0.627025	0.589452	0.00928912	0.804178
874	0.602462	0.627025	0.589452	0.00928912	0.804178
875	0.602465	0.627025	0.589609	0.00928466	0.803242
876	0.602685	0.627025	0.589776	0.00910224	0.802594
877	0.602685	0.627025	0.589776	0.00910224	0.802594
878	0.602685	0.627025	0.589776	0.00910224	0.802594
879	0.602685	0.627025	0.589776	0.00910224	0.802594
880	0.602685	0.627025	0.589776	0.00910224	0.802594
881	0.603296	0.627025	0.590268	0.00874591	0.806315
882	0.603296	0.627025	0.590268	0.00874591	0.806315
883	0.603296	0.627025	0.590268	0.00874591	0.806315
884	0.603296	0.627025	0.590268	0.00874591	0.806315
885	0.603296	0.627025	0.590268	0.00874591	0.806315
886	0.603347	0.627025	0.590293	0.00867523	0.804851
887	0.603347	0.627025	0.590293	0.00867523	0.804851
888	0.603347	0.627025	0.590293	0.00867523	0.804851
889	0.603747	0.627025	0.59061	0.00852037	0.804971
890	0.603872	0.627025	0.591972	0.00836808	0.804826
891	0.604374	0.627025	0.592831	0.00839292	0.805907
892	0.604374	0.627025	0.592831	0.00839292	0.805907
893	0.604374	0.627025	0.592831	0.00839292	0.805907
894	0.604374	0.627025	0.592831	0.00839292	0.805907
895	0.604374	0.627025	0.592831	0.00839292	0.805907
896	0.6048	0.627025	0.592984	0.00833493	0.808332
897	0.6048	0.627025	0.592984	0.00833493	0.808332
898	0.604945	0.627025	0.593157	0.0081866	0.805211
899	0.604945	0.627025	0.593157	0.0081866	0.805211
900	0.60501	0.627025	0.593372	0.00810404	0.808092
901	0.60501	0.627025	0.593372	0.00810404	0.808092
902	0.60501	0.627025	0.593372	0.00810404	0.808092
903	0.60501	0.627025	0.593372	0.00810404	0.808092
904	0.605129	0.627025	0.593848	0.00797193	0.809053
905	0.605129	0.627025	0.593848	0.00797193	0.809053
906	0.605129	0.627025	0.593848	0.00797193	0.809053
907	0.605129	0.627025	0.593848	0.00797193	0.809053
908	0.605129	0.627025	0.593848	0.00797193	0.809053
909	0.605129	0.627025	0.593848	0.00797193	0.809053
910	0.605401	0.627025	0.594265	0.00780935	0.809341
911	0.60567	0.627025	0.594595	0.00752965	0.809413
912	0.60567	0.627025	0.594595	0.00752965	0.809413
913	0.60567	0.627025	0.594595	0.00752965	0.809413
914	0.605709	0.627025	0.595181	0.00747597	0.812078
915	0.605709	0.627025	0.595181	0.00747597	0.812078
916	0.605709	0.627025	0.595181	0.00747597	0.812078
917	0.605709	0.627025	0.595181	0.00747597	0.812078
918	0.605709	0.627025	0.595181	0.00747597	0.812078
919	0.605751	0.627025	0.596272	0.00742117	0.811765
920	0.605751	0.627025	0.596272	0.00742117	0.811765
921	0.605751	0.627025	0.596272	0.00742117	0.811765
922	0.605843	0.627025	0.596385	0.00732919	0.810613
923	0.605843	0.627025	0.596385	0.00732919	0.810613
924	0.605843	0.627025	0.596385	0.00732919	0.810613
925	0.605843	0.627025	0.596385	0.00732919	0.810613
926	0.605843	0.627025	0.596385	0.00732919	0.810613
927	0.605843	0.627025	0.596385	0.00732919	0.810613
928	0.605843	0.627025	0.596385	0.00732919	0.810613
929	0.605843	0.627025	0.596385	0.00732919	0.810613
930	0.606082	0.627025	0.596514	0.00720838	0.812101
931	0.606082	0.627025	0.596514	0.00720838	0.812101
932	0.606082	0.627025	0.596514	0.00720838	0.812101
933	0.606082	0.627025	0.596514	0.00720838	0.812101
934	0.606082	0.627025	0.596514	0.00720838	0.812101
935	0.60625	0.627025	0.596546	0.00707762	0.814574
936	0.60625	0.627025	0.596546	0.00707762	0.814574
937	0.60625	0.627025	0.596546	0.00707762	0.814574
938	0.60625	0.627025	0.596546	0.00707762	0.814574
939	0.60625	0.627025	0.596546	0.00707762	0.814574
940	0.60625	0.627025	0.596546	0.00707762	0.814574
941	0.60625	0.627025	0.596546	0.00707762	0.814574
942	0.606282	0.627025	0.596821	0.00703547	0.811357
943	0.606282	0.627025	0.596821	0.00703547	0.811357
944	0.606282	0.627025	0.596821	0.00703547	0.811357
945	0.606282	0.627025	0.596821	0.00703547	0.811357
946	0.606327	0.627025	0.596854	0.00698168	0.810925
947	0.606327	0.627025	0.596854	0.00698168	0.810925
948	0.606374	0.627025	0.596867	0.00692403	0.811021
949	0.606374	0.627025	0.596867	0.00692403	0.811021
950	0.606374	0.627025	0.596867	0.00692403	0.811021
951	0.606374	0.627025	0.596867	0.00692403	0.811021
952	0.606374	0.627025	0.596867	0.00692403	0.811021
953	0.606419	0.627025	0.597287	0.00686811	0.812389
954	0.606419	0.627025	0.597287	0.00686811	0.812389
955	0.606419	0.627025	0.597287	0.00686811	0.812389
956	0.606419	0.627025	0.597287	0.00686811	0.812389
957	0.606419	0.627025	0.597287	0.00686811	0.812389
958	0.606419	0.627025	0.597287	0.00686811	0.812389
959	0.606419	0.627025	0.597287	0.00686811	0.812389
960	0.606419	0.627025	0.597287	0.00686811	0.812389
961	0.606419	0.627025	0.597287	0.00686811	0.812389
962	0.606692	0.627025	0.598183	0.00676871	0.812197
963	0.606692	0.627025	0.598183	0.00676871	0.812197
964	0.606692	0.627025	0.598183	0.00676871	0.812197
965	0.606692	0.627025	0.598183	0.00676871	0.812197
966	0.606987	0.627025	0.598571	0.00671119	0.814718
967	0.606987	0.627025	0.598571	0.00671119	0.814718
968	0.606987	0.627025	0.598571	0.00671119	0.814718
969	0.606987	0.627025	0.598571	0.00671119	0.814718
970	0.607319	0.627025	0.599025	0.00649829	0.817647
971	0.607338	0.627025	0.599116	0.00647476	0.817071
972	0.607338	0.627025	0.599116	0.00647476	0.817071
973	0.607338	0.627025	0.599116	0.00647476	0.817071
974	0.607338	0.627025	0.599116	0.00647476	0.817071
975	0.607338	0.627025	0.599116	0.00647476	0.817071
976	0.607338	0.627025	0.599116	0.00647476	0.817071
977	0.607338	0.627025	0.599116	0.00647476	0.817071
978	0.607338	0.627025	0.599116	0.00647476	0.817071
979	0.607338	0.627025	0.599116	0.00647476	0.817071
980	0.607338	0.627025	0.599116	0.00647476	0.817071
981	0.60738	0.627025	0.599216	0.00642761	0.817816
982	0.60738	0.627025	0.599216	0.00642761	0.817816
983	0.60738	0.627025	0.599216	0.00642761	0.817816
984	0.60738	0.627025	0.599216	0.00642761	0.817816
985	0.607517	0.627025	0.599344	0.00632207	0.815943
986	0.607517	0.627025	0.599344	0.00632207	0.815943
987	0.607634	0.627025	0.599482	0.00622116	0.817288
988	0.607634	0.627025	0.599482	0.00622116	0.817288
989	0.607634	0.627025	0.599482	0.00622116	0.817288
990	0.607865	0.627025	0.59998	0.00612602	0.820265
991	0.607865	0.627025	0.59998	0.00612602	0.820265
992	0.607865	0.627025	0.59998	0.00612602	0.820265
993	0.608012	0.627025	0.600158	0.00602022	0.822281
994	0.608012	0.627025	0.600158	0.00602022	0.822281
995	0.608012	0.627025	0.600158	0.00602022	0.822281
996	0.608012	0.627025	0.600158	0.00602022	0.822281
997	0.608012	0.627025	0.600158	0.00602022	0.822281
998	0.608012	0.627025	0.600158	0.00602022	0.822281
999	0.608012	0.627025	0.600158	0.00602022	0.822281
1000	0.608012	0.627025	0.600158	0.00602022	0.822281
