0.26647
9.82068
28.64966
0.01000
6.01052
1.85620
4.72268
16.53846
20.71000
5.06154
9.89980
-1.60274
-6.65547
30.00000
-21.95544
0.43429
9.73993
-0.63098
6.16745
24.30427
-0.32315
6.70814
1.60834
-3.14159
2.82236
-4.67405
-60.00000
-50.53255
11.85547
3.31265
-6.74538
40.09011
19.82336
-52.04198
15.19154
-2.63347
29.92550
7.51809
13.38572
-35.47451
-29.76301
-4.12239
-12.98020
50.41078
0.10000
1.26891
-0.64801
26.01585
20.74489
36.24943
50.27605
56.15090
-5.44828
-44.77573
8.67324
43.81380
47.44119
-45.26546
-47.00911
-53.10885
-56.61895
37.91776
-3.09003
14.97619
27.88231
2.00000
3.14159
