0.02474
-13.86876
-4.66740
4.46713
0.22157
1.82341
1.44283
-20.28109
-22.25603
3.77332
0.03122
2.12760
-9.92197
-21.78315
12.71536
4.88657
9.06630
-0.93983
8.82008
-12.70318
7.44874
3.12651
5.58251
3.14159
-8.26934
56.55367
3.54147
0.56697
5.75016
3.14159
0.53896
53.72810
59.97344
1.01077
3.06805
-1.78032
7.73237
5.72903
15.56351
2.19275
8.22718
0.78938
-6.71664
11.55791
26.52415
8.25109
9.69456
0.51765
4.88743
23.39643
0.43395
0.13050
5.38452
2.72826
-3.30970
-14.18628
-5.88800
2.11065
3.77846
-2.01951
-2.48715
11.64098
-25.90733
4.78091
4.32836
2.72478
8.98431
6.66153
-39.09179
4.40942
3.72007
-2.52919
8.98421
-4.53697
-18.89109
8.45454
7.92209
0.26232
-5.00632
-5.10595
0.64450
1.98649
7.94203
2.75532
4.33074
4.32893
7.65626
2.01340
9.40286
1.31244
8.97673
-2.08776
-8.69017
1.21073
9.86313
1.39462
7.01359
12.04348
17.68809
8.22727
7.48812
1.86860
1.73827
4.47173
