0.44937
-47.21253
-9.46450
0.75969
4.62960
-2.96946
-4.26522
-30.00000
-30.00000
8.95797
0.31170
450360572349437187634993274381843179417371896782833471310388929186493395457303377503026247901755423920346401957965437915950253174110796185409053636986698246010664977357980804063093202788872837509358424445827778158095929157291641405565461756775564836864.00000
48816122743126730929722944896633582818646318509951628919987700755438222278545053359135593829687477341034339658224334718989837208025993817138560918689967852951001450983364711974147147153452086832660480.00000
