0	0.00878539	0.0544263	0.00162992	0.00882915	1
1	0.0117712	0.0544263	0.00497787	0.00898152	0.989637
2	0.0173691	0.06387	0.007569	0.0109731	0.973787
3	0.0204518	0.06387	0.0110133	0.0104652	0.953607
4	0.0227852	0.06387	0.0137315	0.00981572	0.948595
5	0.024773	0.06387	0.0156339	0.00986493	0.945489
6	0.0278597	0.0853776	0.0163286	0.0135403	0.93855
7	0.0378494	0.429375	0.0183637	0.0580213	0.938074
8	0.0826753	0.429375	0.0207888	0.126759	0.924197
9	0.183691	0.44594	0.0281875	0.172818	0.865308
10	0.298168	0.468889	0.0427381	0.144767	0.731791
11	0.406425	0.573699	0.334325	0.0420535	0.67703
12	0.423427	0.573699	0.385396	0.0340005	0.698889
13	0.428599	0.573699	0.400266	0.0308807	0.722879
14	0.433342	0.573699	0.404672	0.0295725	0.743469
15	0.439887	0.573699	0.41264	0.0284742	0.75569
16	0.444912	0.573699	0.417224	0.0302551	0.769341
17	0.45441	0.573699	0.424732	0.0301614	0.78653
18	0.462061	0.573699	0.432911	0.0298775	0.803673
19	0.464974	0.573699	0.436776	0.0283771	0.819842
20	0.466348	0.573699	0.438116	0.0276272	0.825125
21	0.469565	0.573699	0.443383	0.0290351	0.830295
22	0.470249	0.573699	0.445335	0.0285699	0.831701
23	0.4756	0.573699	0.449391	0.0275963	0.845125
24	0.48124	0.573699	0.453883	0.0279107	0.848731
25	0.485051	0.573699	0.461119	0.0267615	0.856849
26	0.487403	0.573699	0.461791	0.0271748	0.859978
27	0.490065	0.573699	0.463278	0.0270823	0.854876
28	0.492572	0.573699	0.467389	0.0265724	0.856804
29	0.494365	0.573699	0.468308	0.0259556	0.860183
30	0.497836	0.573699	0.47023	0.0266131	0.864833
31	0.499029	0.573699	0.471272	0.0262231	0.869595
32	0.499978	0.573699	0.472555	0.0259731	0.871206
33	0.50363	0.573699	0.473816	0.0264649	0.871523
34	0.505245	0.573699	0.475529	0.025417	0.875242
35	0.509898	0.58813	0.478094	0.0273488	0.877305
36	0.510793	0.58813	0.480721	0.0266137	0.879573
37	0.515603	0.58813	0.482042	0.0265012	0.876784
38	0.517013	0.58813	0.48414	0.0257671	0.879074
39	0.520085	0.593566	0.486095	0.0268988	0.879551
40	0.521615	0.593566	0.486194	0.026902	0.878553
41	0.524588	0.593566	0.488623	0.0267163	0.876807
42	0.52885	0.597822	0.491073	0.0272539	0.878598
43	0.530784	0.597822	0.494037	0.0260578	0.877509
44	0.533309	0.597822	0.498061	0.0253674	0.876284
45	0.534986	0.597822	0.505029	0.0239089	0.876556
46	0.537637	0.597822	0.510112	0.0226817	0.876805
47	0.538341	0.597822	0.513127	0.0223539	0.876647
48	0.538623	0.597822	0.513552	0.0221167	0.876919
49	0.541721	0.597822	0.516844	0.0227359	0.874924
50	0.542541	0.597822	0.518139	0.0220523	0.871454
51	0.542541	0.597822	0.518139	0.0220523	0.871454
52	0.544278	0.597822	0.519651	0.0216484	0.869413
53	0.547109	0.612894	0.52108	0.0233645	0.872112
54	0.548028	0.612894	0.522449	0.0227148	0.874674
55	0.548974	0.612894	0.522659	0.022612	0.872883
56	0.549003	0.612894	0.523052	0.0225786	0.872792
57	0.549347	0.612894	0.523946	0.0223043	0.869821
58	0.551026	0.612894	0.52494	0.0219339	0.871204
59	0.553818	0.651605	0.526066	0.0256114	0.870954
60	0.553889	0.651605	0.526479	0.0255377	0.871589
61	0.55428	0.651605	0.527246	0.0252574	0.870388
62	0.55497	0.651605	0.527248	0.0249735	0.870229
63	0.55748	0.651605	0.527471	0.0278275	0.870071
64	0.559491	0.651605	0.52832	0.0274274	0.865309
65	0.562001	0.651605	0.529613	0.0273523	0.864197
66	0.563619	0.651605	0.532255	0.0275621	0.862655
67	0.568817	0.651605	0.537704	0.0271254	0.87354
68	0.568817	0.651605	0.537704	0.0271254	0.87354
69	0.572039	0.651605	0.53954	0.0284729	0.874197
70	0.572832	0.651605	0.540276	0.0280989	0.871521
71	0.574129	0.651605	0.542934	0.0271424	0.871838
72	0.577348	0.651605	0.543517	0.0281578	0.869548
73	0.57991	0.651605	0.544277	0.0284501	0.873086
74	0.581795	0.651605	0.545317	0.0291554	0.872632
75	0.582842	0.651605	0.546058	0.028756	0.873585
76	0.58581	0.651605	0.548032	0.028637	0.878075
77	0.588258	0.651605	0.553261	0.0280584	0.878528
78	0.589086	0.651605	0.553293	0.0276118	0.880025
79	0.591719	0.665089	0.55445	0.0287223	0.876624
80	0.592408	0.665089	0.555595	0.0282189	0.879027
81	0.594738	0.665089	0.558976	0.0275844	0.878733
82	0.596003	0.665089	0.560225	0.0266958	0.881748
83	0.596003	0.665089	0.560225	0.0266958	0.881748
84	0.599109	0.665089	0.561744	0.0270176	0.882701
85	0.599422	0.665089	0.56259	0.0266643	0.883245
86	0.601148	0.665089	0.569309	0.0252366	0.881658
87	0.601804	0.665089	0.569723	0.0248149	0.88252
88	0.60272	0.665089	0.571612	0.0244494	0.88023
89	0.60272	0.665089	0.571612	0.0244494	0.88023
90	0.605736	0.680114	0.573686	0.0256845	0.882067
91	0.606686	0.680114	0.573699	0.0253513	0.881182
92	0.606686	0.680114	0.573699	0.0253513	0.881182
93	0.607168	0.680114	0.574607	0.0249371	0.881092
94	0.607168	0.680114	0.574607	0.0249371	0.881092
95	0.609912	0.680114	0.579175	0.0251963	0.879572
96	0.610596	0.680114	0.581107	0.0246965	0.878824
97	0.610596	0.680114	0.581107	0.0246965	0.878824
98	0.610596	0.680114	0.581107	0.0246965	0.878824
99	0.610724	0.680114	0.58201	0.024557	0.878779
100	0.610724	0.680114	0.58201	0.024557	0.878779
101	0.610727	0.680114	0.582174	0.0245531	0.876534
102	0.610727	0.680114	0.582174	0.0245531	0.876534
103	0.61105	0.680114	0.582398	0.0242741	0.878688
104	0.61105	0.680114	0.582398	0.0242741	0.878688
105	0.61105	0.680114	0.582398	0.0242741	0.878688
106	0.612779	0.680114	0.584082	0.0238062	0.882384
107	0.612779	0.680114	0.584082	0.0238062	0.882384
108	0.613494	0.680114	0.584294	0.0234611	0.880433
109	0.614232	0.680114	0.584711	0.0231015	0.881363
110	0.61425	0.680114	0.585607	0.0230785	0.880842
111	0.61425	0.680114	0.585607	0.0230785	0.880842
112	0.615232	0.680114	0.587055	0.0228361	0.88168
113	0.615677	0.680114	0.587493	0.0224901	0.882542
114	0.615677	0.680114	0.587493	0.0224901	0.882542
115	0.615912	0.680114	0.58813	0.0222494	0.879912
116	0.61679	0.680114	0.588902	0.0219132	0.877712
117	0.61761	0.680114	0.591594	0.0213034	0.879141
118	0.61761	0.680114	0.591594	0.0213034	0.879141
119	0.618281	0.680114	0.593566	0.0209085	0.8793
120	0.618281	0.680114	0.593566	0.0209085	0.8793
121	0.619614	0.680114	0.594661	0.0204207	0.882701
122	0.619692	0.680114	0.59615	0.0203316	0.880887
123	0.619728	0.680114	0.596219	0.0202904	0.882611
124	0.620535	0.680114	0.596343	0.0201387	0.88345
125	0.620904	0.680114	0.59682	0.0198536	0.882679
126	0.622057	0.680114	0.597675	0.0200992	0.881772
127	0.623567	0.680114	0.598355	0.0195781	0.887169
128	0.623589	0.680114	0.598519	0.0195495	0.883224
129	0.623757	0.680114	0.599261	0.019365	0.884221
130	0.623757	0.680114	0.599261	0.019365	0.884221
131	0.624192	0.680114	0.599467	0.0190452	0.88633
132	0.625161	0.680114	0.600027	0.0189946	0.887668
133	0.625161	0.680114	0.600027	0.0189946	0.887668
134	0.625762	0.680114	0.600811	0.0186552	0.884108
135	0.625874	0.680114	0.601096	0.0185179	0.883428
136	0.625874	0.680114	0.601096	0.0185179	0.883428
137	0.628444	0.680114	0.602084	0.0192795	0.882725
138	0.629297	0.680114	0.603835	0.0187553	0.878869
139	0.629297	0.680114	0.603835	0.0187553	0.878869
140	0.629882	0.680114	0.604748	0.0183976	0.880003
141	0.630977	0.680114	0.606432	0.0184996	0.879255
142	0.631411	0.680114	0.606449	0.0181635	0.87769
143	0.631411	0.680114	0.606449	0.0181635	0.87769
144	0.632302	0.680114	0.606913	0.0180054	0.879073
145	0.632302	0.680114	0.606913	0.0180054	0.879073
146	0.633016	0.680114	0.608318	0.0176835	0.880026
147	0.63338	0.680114	0.608773	0.0173488	0.881364
148	0.63338	0.680114	0.608773	0.0173488	0.881364
149	0.63338	0.680114	0.608773	0.0173488	0.881364
150	0.633829	0.680114	0.609279	0.0169856	0.880411
151	0.633945	0.680114	0.61079	0.0168296	0.884039
152	0.633945	0.680114	0.61079	0.0168296	0.884039
153	0.634551	0.680114	0.612894	0.0163532	0.882429
154	0.635009	0.680114	0.612999	0.0160522	0.883541
155	0.635009	0.680114	0.612999	0.0160522	0.883541
156	0.635009	0.680114	0.612999	0.0160522	0.883541
157	0.635721	0.680114	0.614098	0.0154421	0.884221
158	0.635721	0.680114	0.614098	0.0154421	0.884221
159	0.635721	0.680114	0.614098	0.0154421	0.884221
160	0.635721	0.680114	0.614098	0.0154421	0.884221
161	0.635721	0.680114	0.614098	0.0154421	0.884221
162	0.635721	0.680114	0.614098	0.0154421	0.884221
163	0.635721	0.680114	0.614098	0.0154421	0.884221
164	0.635721	0.680114	0.614098	0.0154421	0.884221
165	0.635721	0.680114	0.614098	0.0154421	0.884221
166	0.635721	0.680114	0.614098	0.0154421	0.884221
167	0.63641	0.680114	0.61476	0.0152247	0.884561
168	0.63641	0.680114	0.61476	0.0152247	0.884561
169	0.63641	0.680114	0.61476	0.0152247	0.884561
170	0.63641	0.680114	0.61476	0.0152247	0.884561
171	0.636574	0.680114	0.615552	0.0150298	0.88388
172	0.636939	0.680114	0.617048	0.0147274	0.886624
173	0.636939	0.680114	0.617048	0.0147274	0.886624
174	0.636939	0.680114	0.617048	0.0147274	0.886624
175	0.637243	0.680114	0.617997	0.0144629	0.887803
176	0.637588	0.680114	0.618029	0.0141978	0.888484
177	0.637588	0.680114	0.618029	0.0141978	0.888484
178	0.638581	0.680114	0.618102	0.0145342	0.889413
179	0.638581	0.680114	0.618102	0.0145342	0.889413
180	0.638581	0.680114	0.618102	0.0145342	0.889413
181	0.638581	0.680114	0.618102	0.0145342	0.889413
182	0.638761	0.680114	0.618724	0.0143293	0.888167
183	0.638761	0.680114	0.618724	0.0143293	0.888167
184	0.639215	0.680114	0.619825	0.013895	0.885876
185	0.639215	0.680114	0.619825	0.013895	0.885876
186	0.640979	0.680114	0.62121	0.0140224	0.888507
187	0.640979	0.680114	0.62121	0.0140224	0.888507
188	0.641463	0.680114	0.622113	0.0137408	0.888756
189	0.64237	0.680114	0.62295	0.0139332	0.889005
190	0.64237	0.680114	0.62295	0.0139332	0.889005
191	0.643116	0.680114	0.625982	0.013871	0.891908
192	0.643269	0.680114	0.626139	0.0137198	0.892905
193	0.643269	0.680114	0.626139	0.0137198	0.892905
194	0.643269	0.680114	0.626139	0.0137198	0.892905
195	0.643269	0.680114	0.626139	0.0137198	0.892905
196	0.643273	0.680114	0.626351	0.0137145	0.892452
197	0.643273	0.680114	0.626351	0.0137145	0.892452
198	0.643447	0.680114	0.626519	0.0135494	0.892361
199	0.643601	0.680114	0.627125	0.0133965	0.893631
200	0.643601	0.680114	0.627125	0.0133965	0.893631
201	0.643601	0.680114	0.627125	0.0133965	0.893631
202	0.643601	0.680114	0.627125	0.0133965	0.893631
203	0.643601	0.680114	0.627125	0.0133965	0.893631
204	0.644004	0.680114	0.628134	0.0131924	0.893563
205	0.644237	0.680114	0.629394	0.0130079	0.895014
206	0.644237	0.680114	0.629394	0.0130079	0.895014
207	0.644237	0.680114	0.629394	0.0130079	0.895014
208	0.645025	0.680114	0.629902	0.0132814	0.89549
209	0.645572	0.680114	0.630032	0.0132083	0.894492
210	0.645818	0.680114	0.630088	0.0130262	0.893767
211	0.646296	0.680114	0.631943	0.0126713	0.893585
212	0.646296	0.680114	0.631943	0.0126713	0.893585
213	0.646296	0.680114	0.631943	0.0126713	0.893585
214	0.646296	0.680114	0.631943	0.0126713	0.893585
215	0.646296	0.680114	0.631943	0.0126713	0.893585
216	0.646296	0.680114	0.631943	0.0126713	0.893585
217	0.646296	0.680114	0.631943	0.0126713	0.893585
218	0.646703	0.680114	0.632258	0.0125273	0.892882
219	0.646952	0.680114	0.633093	0.0123569	0.891001
220	0.646952	0.680114	0.633093	0.0123569	0.891001
221	0.646952	0.680114	0.633093	0.0123569	0.891001
222	0.647338	0.680114	0.63361	0.0122161	0.891931
223	0.647338	0.680114	0.63361	0.0122161	0.891931
224	0.647338	0.680114	0.63361	0.0122161	0.891931
225	0.647805	0.680114	0.633703	0.0121262	0.893042
226	0.647805	0.680114	0.633703	0.0121262	0.893042
227	0.647805	0.680114	0.633703	0.0121262	0.893042
228	0.647805	0.680114	0.633703	0.0121262	0.893042
229	0.648623	0.680114	0.633804	0.0125278	0.894879
230	0.648623	0.680114	0.633804	0.0125278	0.894879
231	0.648623	0.680114	0.633804	0.0125278	0.894879
232	0.649246	0.680114	0.634182	0.0125504	0.893291
233	0.649671	0.680114	0.634628	0.0123887	0.894312
234	0.649671	0.680114	0.634628	0.0123887	0.894312
235	0.649671	0.680114	0.634628	0.0123887	0.894312
236	0.649855	0.680114	0.635062	0.0122279	0.894856
237	0.649855	0.680114	0.635062	0.0122279	0.894856
238	0.649855	0.680114	0.635062	0.0122279	0.894856
239	0.651097	0.697176	0.635072	0.0137542	0.894108
240	0.651303	0.697176	0.635214	0.0135856	0.891999
241	0.651303	0.697176	0.635214	0.0135856	0.891999
242	0.651303	0.697176	0.635214	0.0135856	0.891999
243	0.651303	0.697176	0.635214	0.0135856	0.891999
244	0.651303	0.697176	0.635214	0.0135856	0.891999
245	0.651303	0.697176	0.635214	0.0135856	0.891999
246	0.652233	0.697176	0.635241	0.0132392	0.89277
247	0.652233	0.697176	0.635241	0.0132392	0.89277
248	0.652233	0.697176	0.635241	0.0132392	0.89277
249	0.652233	0.697176	0.635241	0.0132392	0.89277
250	0.652233	0.697176	0.635241	0.0132392	0.89277
251	0.652903	0.697176	0.635579	0.013209	0.89184
252	0.653142	0.697176	0.635686	0.0129955	0.891183
253	0.65359	0.697176	0.635794	0.0127658	0.8915
254	0.65359	0.697176	0.635794	0.0127658	0.8915
255	0.65359	0.697176	0.635794	0.0127658	0.8915
256	0.653993	0.697176	0.635815	0.012508	0.892543
257	0.653993	0.697176	0.635815	0.012508	0.892543
258	0.653993	0.697176	0.635815	0.012508	0.892543
259	0.653993	0.697176	0.635815	0.012508	0.892543
260	0.653993	0.697176	0.635815	0.012508	0.892543
261	0.654665	0.697176	0.636603	0.0124132	0.895015
262	0.654914	0.697176	0.637412	0.012166	0.894993
263	0.654914	0.697176	0.637412	0.012166	0.894993
264	0.654914	0.697176	0.637412	0.012166	0.894993
265	0.654914	0.697176	0.637412	0.012166	0.894993
266	0.654914	0.697176	0.637412	0.012166	0.894993
267	0.654914	0.697176	0.637412	0.012166	0.894993
268	0.65556	0.697176	0.638546	0.011642	0.893088
269	0.65556	0.697176	0.638546	0.011642	0.893088
270	0.65556	0.697176	0.638546	0.011642	0.893088
271	0.65556	0.697176	0.638546	0.011642	0.893088
272	0.65557	0.697176	0.639039	0.0116275	0.89506
273	0.65557	0.697176	0.639039	0.0116275	0.89506
274	0.65579	0.697176	0.639796	0.0114103	0.895968
275	0.656871	0.697176	0.641178	0.0123831	0.894902
276	0.656871	0.697176	0.641178	0.0123831	0.894902
277	0.656871	0.697176	0.641178	0.0123831	0.894902
278	0.656871	0.697176	0.641178	0.0123831	0.894902
279	0.6572	0.697176	0.64233	0.0121744	0.896489
280	0.657393	0.697176	0.642655	0.0120093	0.897872
281	0.657467	0.697176	0.643843	0.011927	0.898597
282	0.657528	0.697176	0.644025	0.011864	0.897781
283	0.657528	0.697176	0.644025	0.011864	0.897781
284	0.658488	0.697176	0.64535	0.012228	0.900412
285	0.658558	0.697176	0.645387	0.0121607	0.900117
286	0.658899	0.697176	0.646399	0.0120221	0.899618
287	0.658899	0.697176	0.646399	0.0120221	0.899618
288	0.658899	0.697176	0.646399	0.0120221	0.899618
289	0.658899	0.697176	0.646399	0.0120221	0.899618
290	0.658899	0.697176	0.646399	0.0120221	0.899618
291	0.658899	0.697176	0.646399	0.0120221	0.899618
292	0.65935	0.697176	0.646864	0.0119111	0.900184
293	0.65935	0.697176	0.646864	0.0119111	0.900184
294	0.659485	0.697176	0.646877	0.0118048	0.899935
295	0.659485	0.697176	0.646877	0.0118048	0.899935
296	0.659485	0.697176	0.646877	0.0118048	0.899935
297	0.659485	0.697176	0.646877	0.0118048	0.899935
298	0.659485	0.697176	0.646877	0.0118048	0.899935
299	0.659931	0.697176	0.647288	0.0117402	0.90032
300	0.659989	0.697176	0.647513	0.0116837	0.898937
301	0.659989	0.697176	0.647513	0.0116837	0.898937
302	0.659989	0.697176	0.647513	0.0116837	0.898937
303	0.660217	0.697176	0.647529	0.0115457	0.898053
304	0.660217	0.697176	0.647529	0.0115457	0.898053
305	0.660217	0.697176	0.647529	0.0115457	0.898053
306	0.660217	0.697176	0.647529	0.0115457	0.898053
307	0.660217	0.697176	0.647529	0.0115457	0.898053
308	0.660217	0.697176	0.647529	0.0115457	0.898053
309	0.660217	0.697176	0.647529	0.0115457	0.898053
310	0.660217	0.697176	0.647529	0.0115457	0.898053
311	0.660217	0.697176	0.647529	0.0115457	0.898053
312	0.660217	0.697176	0.647529	0.0115457	0.898053
313	0.660784	0.697176	0.647939	0.0116057	0.899572
314	0.660784	0.697176	0.647939	0.0116057	0.899572
315	0.661347	0.697176	0.648227	0.0113085	0.899414
316	0.661687	0.697176	0.64855	0.0111605	0.900503
317	0.661687	0.697176	0.64855	0.0111605	0.900503
318	0.661982	0.697176	0.648874	0.011	0.900752
319	0.662034	0.697176	0.649035	0.0109433	0.90107
320	0.662034	0.697176	0.649035	0.0109433	0.90107
321	0.662034	0.697176	0.649035	0.0109433	0.90107
322	0.662034	0.697176	0.649035	0.0109433	0.90107
323	0.662034	0.697176	0.649035	0.0109433	0.90107
324	0.662034	0.697176	0.649035	0.0109433	0.90107
325	0.662034	0.697176	0.649035	0.0109433	0.90107
326	0.662034	0.697176	0.649035	0.0109433	0.90107
327	0.662034	0.697176	0.649035	0.0109433	0.90107
328	0.662558	0.697176	0.650203	0.0105636	0.899097
329	0.663252	0.697176	0.650968	0.0108705	0.897873
330	0.663328	0.697176	0.651186	0.0107959	0.896149
331	0.663356	0.697176	0.651443	0.0107658	0.898122
332	0.663775	0.697176	0.651605	0.0107005	0.898824
333	0.663775	0.697176	0.651605	0.0107005	0.898824
334	0.663775	0.697176	0.651605	0.0107005	0.898824
335	0.664315	0.697176	0.65233	0.0104129	0.901523
336	0.664315	0.697176	0.65233	0.0104129	0.901523
337	0.664375	0.697176	0.652423	0.010351	0.903292
338	0.664979	0.697176	0.652983	0.0103628	0.902702
339	0.664979	0.697176	0.652983	0.0103628	0.902702
340	0.665036	0.697176	0.653422	0.010303	0.901999
341	0.665069	0.697176	0.653587	0.0102678	0.900253
342	0.665069	0.697176	0.653587	0.0102678	0.900253
343	0.665069	0.697176	0.653587	0.0102678	0.900253
344	0.665417	0.697176	0.654479	0.0101652	0.902157
345	0.665417	0.697176	0.654479	0.0101652	0.902157
346	0.665417	0.697176	0.654479	0.0101652	0.902157
347	0.665417	0.697176	0.654479	0.0101652	0.902157
348	0.665417	0.697176	0.654479	0.0101652	0.902157
349	0.665417	0.697176	0.654479	0.0101652	0.902157
350	0.665417	0.697176	0.654479	0.0101652	0.902157
351	0.666457	0.706495	0.654687	0.0115855	0.902203
352	0.666457	0.706495	0.654687	0.0115855	0.902203
353	0.666457	0.706495	0.654687	0.0115855	0.902203
354	0.666457	0.706495	0.654687	0.0115855	0.902203
355	0.666457	0.706495	0.654687	0.0115855	0.902203
356	0.666457	0.706495	0.654687	0.0115855	0.902203
357	0.666457	0.706495	0.654687	0.0115855	0.902203
358	0.666457	0.706495	0.654687	0.0115855	0.902203
359	0.666457	0.706495	0.654687	0.0115855	0.902203
360	0.666457	0.706495	0.654687	0.0115855	0.902203
361	0.666794	0.706495	0.654773	0.0114804	0.9032
362	0.666794	0.706495	0.654773	0.0114804	0.9032
363	0.666794	0.706495	0.654773	0.0114804	0.9032
364	0.667167	0.706495	0.655065	0.0113848	0.90413
365	0.667167	0.706495	0.655065	0.0113848	0.90413
366	0.667167	0.706495	0.655065	0.0113848	0.90413
367	0.667295	0.706495	0.655323	0.0112817	0.904674
368	0.667295	0.706495	0.655323	0.0112817	0.904674
369	0.667295	0.706495	0.655323	0.0112817	0.904674
370	0.667295	0.706495	0.655323	0.0112817	0.904674
371	0.667295	0.706495	0.655323	0.0112817	0.904674
372	0.667295	0.706495	0.655323	0.0112817	0.904674
373	0.667295	0.706495	0.655323	0.0112817	0.904674
374	0.667295	0.706495	0.655323	0.0112817	0.904674
375	0.667295	0.706495	0.655323	0.0112817	0.904674
376	0.667295	0.706495	0.655323	0.0112817	0.904674
377	0.667295	0.706495	0.655323	0.0112817	0.904674
378	0.667295	0.706495	0.655323	0.0112817	0.904674
379	0.667295	0.706495	0.655323	0.0112817	0.904674
380	0.667295	0.706495	0.655323	0.0112817	0.904674
381	0.667295	0.706495	0.655323	0.0112817	0.904674
382	0.667423	0.706495	0.655436	0.0111786	0.904515
383	0.667423	0.706495	0.655436	0.0111786	0.904515
384	0.667423	0.706495	0.655436	0.0111786	0.904515
385	0.667423	0.706495	0.655436	0.0111786	0.904515
386	0.667423	0.706495	0.655436	0.0111786	0.904515
387	0.667423	0.706495	0.655436	0.0111786	0.904515
388	0.667423	0.706495	0.655436	0.0111786	0.904515
389	0.667423	0.706495	0.655436	0.0111786	0.904515
390	0.667423	0.706495	0.655436	0.0111786	0.904515
391	0.667423	0.706495	0.655436	0.0111786	0.904515
392	0.667423	0.706495	0.655436	0.0111786	0.904515
393	0.667423	0.706495	0.655436	0.0111786	0.904515
394	0.667604	0.706495	0.655505	0.0110532	0.902928
395	0.667604	0.706495	0.655505	0.0110532	0.902928
396	0.667604	0.706495	0.655505	0.0110532	0.902928
397	0.667724	0.706495	0.65584	0.0109515	0.903812
398	0.667724	0.706495	0.65584	0.0109515	0.903812
399	0.667724	0.706495	0.65584	0.0109515	0.903812
400	0.667724	0.706495	0.65584	0.0109515	0.903812
401	0.667724	0.706495	0.65584	0.0109515	0.903812
402	0.667724	0.706495	0.65584	0.0109515	0.903812
403	0.667851	0.706495	0.655936	0.0108469	0.905672
404	0.668034	0.706495	0.656066	0.0107184	0.905672
405	0.668034	0.706495	0.656066	0.0107184	0.905672
406	0.668034	0.706495	0.656066	0.0107184	0.905672
407	0.668034	0.706495	0.656066	0.0107184	0.905672
408	0.668034	0.706495	0.656066	0.0107184	0.905672
409	0.668034	0.706495	0.656066	0.0107184	0.905672
410	0.668508	0.706495	0.656518	0.0107025	0.90286
411	0.668508	0.706495	0.656518	0.0107025	0.90286
412	0.668508	0.706495	0.656518	0.0107025	0.90286
413	0.668508	0.706495	0.656518	0.0107025	0.90286
414	0.668508	0.706495	0.656518	0.0107025	0.90286
415	0.668508	0.706495	0.656518	0.0107025	0.90286
416	0.668508	0.706495	0.656518	0.0107025	0.90286
417	0.668508	0.706495	0.656518	0.0107025	0.90286
418	0.668508	0.706495	0.656518	0.0107025	0.90286
419	0.668508	0.706495	0.656518	0.0107025	0.90286
420	0.668798	0.706495	0.656939	0.0105667	0.901953
421	0.668798	0.706495	0.656939	0.0105667	0.901953
422	0.668798	0.706495	0.656939	0.0105667	0.901953
423	0.668798	0.706495	0.656939	0.0105667	0.901953
424	0.668798	0.706495	0.656939	0.0105667	0.901953
425	0.668798	0.706495	0.656939	0.0105667	0.901953
426	0.668798	0.706495	0.656939	0.0105667	0.901953
427	0.668798	0.706495	0.656939	0.0105667	0.901953
428	0.668798	0.706495	0.656939	0.0105667	0.901953
429	0.668798	0.706495	0.656939	0.0105667	0.901953
430	0.668798	0.706495	0.656939	0.0105667	0.901953
431	0.668798	0.706495	0.656939	0.0105667	0.901953
432	0.668798	0.706495	0.656939	0.0105667	0.901953
433	0.668946	0.706495	0.657515	0.0104349	0.901251
434	0.668946	0.706495	0.657515	0.0104349	0.901251
435	0.668946	0.706495	0.657515	0.0104349	0.901251
436	0.668946	0.706495	0.657515	0.0104349	0.901251
437	0.668946	0.706495	0.657515	0.0104349	0.901251
438	0.669025	0.706495	0.657624	0.0103615	0.901954
439	0.669025	0.706495	0.657624	0.0103615	0.901954
440	0.669025	0.706495	0.657624	0.0103615	0.901954
441	0.669025	0.706495	0.657624	0.0103615	0.901954
442	0.669025	0.706495	0.657624	0.0103615	0.901954
443	0.669025	0.706495	0.657624	0.0103615	0.901954
444	0.669025	0.706495	0.657624	0.0103615	0.901954
445	0.669025	0.706495	0.657624	0.0103615	0.901954
446	0.669025	0.706495	0.657624	0.0103615	0.901954
447	0.669025	0.706495	0.657624	0.0103615	0.901954
448	0.669047	0.706495	0.658126	0.0103379	0.900684
449	0.669047	0.706495	0.658126	0.0103379	0.900684
450	0.669047	0.706495	0.658126	0.0103379	0.900684
451	0.669047	0.706495	0.658126	0.0103379	0.900684
452	0.669565	0.706495	0.658361	0.0104283	0.899527
453	0.669565	0.706495	0.658361	0.0104283	0.899527
454	0.669996	0.706495	0.658726	0.0104008	0.900025
455	0.669996	0.706495	0.658726	0.0104008	0.900025
456	0.669996	0.706495	0.658726	0.0104008	0.900025
457	0.669996	0.706495	0.658726	0.0104008	0.900025
458	0.670255	0.706495	0.658929	0.0102748	0.900706
459	0.670255	0.706495	0.658929	0.0102748	0.900706
460	0.670255	0.706495	0.658929	0.0102748	0.900706
461	0.670464	0.706495	0.659434	0.0101453	0.903019
462	0.670464	0.706495	0.659434	0.0101453	0.903019
463	0.670464	0.706495	0.659434	0.0101453	0.903019
464	0.670464	0.706495	0.659434	0.0101453	0.903019
465	0.670464	0.706495	0.659434	0.0101453	0.903019
466	0.670464	0.706495	0.659434	0.0101453	0.903019
467	0.670464	0.706495	0.659434	0.0101453	0.903019
468	0.670464	0.706495	0.659434	0.0101453	0.903019
469	0.671105	0.706495	0.65948	0.0104435	0.902951
470	0.671105	0.706495	0.65948	0.0104435	0.902951
471	0.671105	0.706495	0.65948	0.0104435	0.902951
472	0.671105	0.706495	0.65948	0.0104435	0.902951
473	0.671502	0.706495	0.660266	0.0103697	0.903859
474	0.671502	0.706495	0.660266	0.0103697	0.903859
475	0.671502	0.706495	0.660266	0.0103697	0.903859
476	0.671502	0.706495	0.660266	0.0103697	0.903859
477	0.671502	0.706495	0.660266	0.0103697	0.903859
478	0.671502	0.706495	0.660266	0.0103697	0.903859
479	0.671502	0.706495	0.660266	0.0103697	0.903859
480	0.671502	0.706495	0.660266	0.0103697	0.903859
481	0.671502	0.706495	0.660266	0.0103697	0.903859
482	0.671502	0.706495	0.660266	0.0103697	0.903859
483	0.672234	0.706495	0.660416	0.0108402	0.902611
484	0.672604	0.706495	0.661123	0.0107438	0.903926
485	0.673234	0.706495	0.661444	0.0109785	0.901455
486	0.673753	0.706495	0.661454	0.0110227	0.902724
487	0.673753	0.706495	0.661454	0.0110227	0.902724
488	0.673753	0.706495	0.661454	0.0110227	0.902724
489	0.673753	0.706495	0.661454	0.0110227	0.902724
490	0.673753	0.706495	0.661454	0.0110227	0.902724
491	0.673753	0.706495	0.661454	0.0110227	0.902724
492	0.673753	0.706495	0.661454	0.0110227	0.902724
493	0.673753	0.706495	0.661454	0.0110227	0.902724
494	0.67423	0.706495	0.661485	0.0109962	0.903427
495	0.67423	0.706495	0.661485	0.0109962	0.903427
496	0.67423	0.706495	0.661485	0.0109962	0.903427
497	0.67423	0.706495	0.661485	0.0109962	0.903427
498	0.67423	0.706495	0.661485	0.0109962	0.903427
499	0.67423	0.706495	0.661485	0.0109962	0.903427
500	0.674746	0.706495	0.66175	0.0109908	0.90379
501	0.674746	0.706495	0.66175	0.0109908	0.90379
502	0.674746	0.706495	0.66175	0.0109908	0.90379
503	0.674746	0.706495	0.66175	0.0109908	0.90379
504	0.674917	0.706495	0.662223	0.0108502	0.903608
505	0.674917	0.706495	0.662223	0.0108502	0.903608
506	0.674917	0.706495	0.662223	0.0108502	0.903608
507	0.674917	0.706495	0.662223	0.0108502	0.903608
508	0.674917	0.706495	0.662223	0.0108502	0.903608
509	0.674917	0.706495	0.662223	0.0108502	0.903608
510	0.674917	0.706495	0.662223	0.0108502	0.903608
511	0.674917	0.706495	0.662223	0.0108502	0.903608
512	0.674917	0.706495	0.662223	0.0108502	0.903608
513	0.674917	0.706495	0.662223	0.0108502	0.903608
514	0.675171	0.706495	0.662447	0.0106945	0.902134
515	0.675171	0.706495	0.662447	0.0106945	0.902134
516	0.675171	0.706495	0.662447	0.0106945	0.902134
517	0.675171	0.706495	0.662447	0.0106945	0.902134
518	0.675702	0.706495	0.662913	0.0107083	0.900932
519	0.675702	0.706495	0.662913	0.0107083	0.900932
520	0.675702	0.706495	0.662913	0.0107083	0.900932
521	0.675702	0.706495	0.662913	0.0107083	0.900932
522	0.675702	0.706495	0.662913	0.0107083	0.900932
523	0.675702	0.706495	0.662913	0.0107083	0.900932
524	0.675702	0.706495	0.662913	0.0107083	0.900932
525	0.675702	0.706495	0.662913	0.0107083	0.900932
526	0.675702	0.706495	0.662913	0.0107083	0.900932
527	0.675702	0.706495	0.662913	0.0107083	0.900932
528	0.675702	0.706495	0.662913	0.0107083	0.900932
529	0.675702	0.706495	0.662913	0.0107083	0.900932
530	0.675702	0.706495	0.662913	0.0107083	0.900932
531	0.675702	0.706495	0.662913	0.0107083	0.900932
532	0.675702	0.706495	0.662913	0.0107083	0.900932
533	0.675702	0.706495	0.662913	0.0107083	0.900932
534	0.675702	0.706495	0.662913	0.0107083	0.900932
535	0.675702	0.706495	0.662913	0.0107083	0.900932
536	0.675702	0.706495	0.662913	0.0107083	0.900932
537	0.675702	0.706495	0.662913	0.0107083	0.900932
538	0.67588	0.706495	0.66321	0.0105645	0.90252
539	0.67588	0.706495	0.66321	0.0105645	0.90252
540	0.676272	0.706495	0.663318	0.0104479	0.903722
541	0.676272	0.706495	0.663318	0.0104479	0.903722
542	0.676316	0.706495	0.663758	0.0103958	0.905423
543	0.676316	0.706495	0.663758	0.0103958	0.905423
544	0.676316	0.706495	0.663758	0.0103958	0.905423
545	0.676316	0.706495	0.663758	0.0103958	0.905423
546	0.676316	0.706495	0.663758	0.0103958	0.905423
547	0.676316	0.706495	0.663758	0.0103958	0.905423
548	0.676378	0.706495	0.664473	0.0103289	0.904039
549	0.677048	0.706495	0.664959	0.0106233	0.903676
550	0.677048	0.706495	0.664959	0.0106233	0.903676
551	0.677048	0.706495	0.664959	0.0106233	0.903676
552	0.677048	0.706495	0.664959	0.0106233	0.903676
553	0.677048	0.706495	0.664959	0.0106233	0.903676
554	0.677048	0.706495	0.664959	0.0106233	0.903676
555	0.677088	0.706495	0.665049	0.010581	0.90286
556	0.677088	0.706495	0.665049	0.010581	0.90286
557	0.677263	0.706495	0.665089	0.0104492	0.901908
558	0.677263	0.706495	0.665089	0.0104492	0.901908
559	0.677263	0.706495	0.665089	0.0104492	0.901908
560	0.677602	0.706495	0.665187	0.0103206	0.903087
561	0.677602	0.706495	0.665187	0.0103206	0.903087
562	0.677768	0.706495	0.665212	0.0101828	0.9037
563	0.677768	0.706495	0.665212	0.0101828	0.9037
564	0.677768	0.706495	0.665212	0.0101828	0.9037
565	0.677768	0.706495	0.665212	0.0101828	0.9037
566	0.677768	0.706495	0.665212	0.0101828	0.9037
567	0.677768	0.706495	0.665212	0.0101828	0.9037
568	0.677768	0.706495	0.665212	0.0101828	0.9037
569	0.677768	0.706495	0.665212	0.0101828	0.9037
570	0.677768	0.706495	0.665212	0.0101828	0.9037
571	0.677768	0.706495	0.665212	0.0101828	0.9037
572	0.677768	0.706495	0.665212	0.0101828	0.9037
573	0.677768	0.706495	0.665212	0.0101828	0.9037
574	0.677768	0.706495	0.665212	0.0101828	0.9037
575	0.677768	0.706495	0.665212	0.0101828	0.9037
576	0.677768	0.706495	0.665212	0.0101828	0.9037
577	0.677768	0.706495	0.665212	0.0101828	0.9037
578	0.677768	0.706495	0.665212	0.0101828	0.9037
579	0.677768	0.706495	0.665212	0.0101828	0.9037
580	0.677936	0.706495	0.665384	0.0100396	0.903292
581	0.677936	0.706495	0.665384	0.0100396	0.903292
582	0.678099	0.706495	0.665561	0.00989684	0.902929
583	0.678099	0.706495	0.665561	0.00989684	0.902929
584	0.678099	0.706495	0.665561	0.00989684	0.902929
585	0.678099	0.706495	0.665561	0.00989684	0.902929
586	0.678099	0.706495	0.665561	0.00989684	0.902929
587	0.678099	0.706495	0.665561	0.00989684	0.902929
588	0.678099	0.706495	0.665561	0.00989684	0.902929
589	0.678099	0.706495	0.665561	0.00989684	0.902929
590	0.678099	0.706495	0.665561	0.00989684	0.902929
591	0.678099	0.706495	0.665561	0.00989684	0.902929
592	0.67825	0.706495	0.666832	0.00975835	0.902135
593	0.67825	0.706495	0.666832	0.00975835	0.902135
594	0.67825	0.706495	0.666832	0.00975835	0.902135
595	0.67825	0.706495	0.666832	0.00975835	0.902135
596	0.67825	0.706495	0.666832	0.00975835	0.902135
597	0.678454	0.706495	0.666938	0.00962046	0.900253
598	0.679042	0.706495	0.667391	0.0098	0.900616
599	0.679692	0.706495	0.667474	0.010085	0.901909
600	0.679692	0.706495	0.667474	0.010085	0.901909
601	0.679692	0.706495	0.667474	0.010085	0.901909
602	0.68036	0.706495	0.667678	0.0103609	0.904312
603	0.68036	0.706495	0.667678	0.0103609	0.904312
604	0.68036	0.706495	0.667678	0.0103609	0.904312
605	0.68036	0.706495	0.667678	0.0103609	0.904312
606	0.68036	0.706495	0.667678	0.0103609	0.904312
607	0.68036	0.706495	0.667678	0.0103609	0.904312
608	0.68036	0.706495	0.667678	0.0103609	0.904312
609	0.68036	0.706495	0.667678	0.0103609	0.904312
610	0.68036	0.706495	0.667678	0.0103609	0.904312
611	0.68036	0.706495	0.667678	0.0103609	0.904312
612	0.680795	0.706495	0.66817	0.0102742	0.904562
613	0.680795	0.706495	0.66817	0.0102742	0.904562
614	0.680795	0.706495	0.66817	0.0102742	0.904562
615	0.680795	0.706495	0.66817	0.0102742	0.904562
616	0.680795	0.706495	0.66817	0.0102742	0.904562
617	0.680861	0.706495	0.668725	0.0102025	0.90311
618	0.680861	0.706495	0.668725	0.0102025	0.90311
619	0.680883	0.706495	0.668807	0.0101766	0.904607
620	0.680911	0.706495	0.6692	0.0101445	0.903927
621	0.680911	0.706495	0.6692	0.0101445	0.903927
622	0.680911	0.706495	0.6692	0.0101445	0.903927
623	0.680911	0.706495	0.6692	0.0101445	0.903927
624	0.680911	0.706495	0.6692	0.0101445	0.903927
625	0.680911	0.706495	0.6692	0.0101445	0.903927
626	0.680911	0.706495	0.6692	0.0101445	0.903927
627	0.680911	0.706495	0.6692	0.0101445	0.903927
628	0.680911	0.706495	0.6692	0.0101445	0.903927
629	0.680911	0.706495	0.6692	0.0101445	0.903927
630	0.680911	0.706495	0.6692	0.0101445	0.903927
631	0.680911	0.706495	0.6692	0.0101445	0.903927
632	0.680911	0.706495	0.6692	0.0101445	0.903927
633	0.680911	0.706495	0.6692	0.0101445	0.903927
634	0.681108	0.706495	0.669352	0.0100072	0.902385
635	0.681108	0.706495	0.669352	0.0100072	0.902385
636	0.681108	0.706495	0.669352	0.0100072	0.902385
637	0.681108	0.706495	0.669352	0.0100072	0.902385
638	0.681108	0.706495	0.669352	0.0100072	0.902385
639	0.681108	0.706495	0.669352	0.0100072	0.902385
640	0.681108	0.706495	0.669352	0.0100072	0.902385
641	0.681108	0.706495	0.669352	0.0100072	0.902385
642	0.681108	0.706495	0.669352	0.0100072	0.902385
643	0.681108	0.706495	0.669352	0.0100072	0.902385
644	0.681108	0.706495	0.669352	0.0100072	0.902385
645	0.681108	0.706495	0.669352	0.0100072	0.902385
646	0.681108	0.706495	0.669352	0.0100072	0.902385
647	0.681108	0.706495	0.669352	0.0100072	0.902385
648	0.681108	0.706495	0.669352	0.0100072	0.902385
649	0.681108	0.706495	0.669352	0.0100072	0.902385
650	0.681108	0.706495	0.669352	0.0100072	0.902385
651	0.681108	0.706495	0.669352	0.0100072	0.902385
652	0.681108	0.706495	0.669352	0.0100072	0.902385
653	0.681108	0.706495	0.669352	0.0100072	0.902385
654	0.681108	0.706495	0.669352	0.0100072	0.902385
655	0.681108	0.706495	0.669352	0.0100072	0.902385
656	0.681108	0.706495	0.669352	0.0100072	0.902385
657	0.681108	0.706495	0.669352	0.0100072	0.902385
658	0.681108	0.706495	0.669352	0.0100072	0.902385
659	0.681108	0.706495	0.669352	0.0100072	0.902385
660	0.681108	0.706495	0.669352	0.0100072	0.902385
661	0.681108	0.706495	0.669352	0.0100072	0.902385
662	0.681108	0.706495	0.669352	0.0100072	0.902385
663	0.681108	0.706495	0.669352	0.0100072	0.902385
664	0.68147	0.706495	0.669395	0.00990018	0.900004
665	0.681615	0.706495	0.669838	0.00977216	0.899142
666	0.681615	0.706495	0.669838	0.00977216	0.899142
667	0.681615	0.706495	0.669838	0.00977216	0.899142
668	0.681615	0.706495	0.669838	0.00977216	0.899142
669	0.6817	0.706495	0.670214	0.00968516	0.898121
670	0.6817	0.706495	0.670214	0.00968516	0.898121
671	0.6817	0.706495	0.670214	0.00968516	0.898121
672	0.681792	0.706495	0.670288	0.00959521	0.896443
673	0.681792	0.706495	0.670288	0.00959521	0.896443
674	0.682729	0.71711	0.670999	0.0106738	0.897282
675	0.682729	0.71711	0.670999	0.0106738	0.897282
676	0.682729	0.71711	0.670999	0.0106738	0.897282
677	0.682729	0.71711	0.670999	0.0106738	0.897282
678	0.682729	0.71711	0.670999	0.0106738	0.897282
679	0.683607	0.71711	0.671435	0.0107522	0.899141
680	0.683656	0.71711	0.671503	0.0107015	0.899414
681	0.683656	0.71711	0.671503	0.0107015	0.899414
682	0.683656	0.71711	0.671503	0.0107015	0.899414
683	0.683656	0.71711	0.671503	0.0107015	0.899414
684	0.683656	0.71711	0.671503	0.0107015	0.899414
685	0.683656	0.71711	0.671503	0.0107015	0.899414
686	0.683656	0.71711	0.671503	0.0107015	0.899414
687	0.683656	0.71711	0.671503	0.0107015	0.899414
688	0.683656	0.71711	0.671503	0.0107015	0.899414
689	0.683656	0.71711	0.671503	0.0107015	0.899414
690	0.683656	0.71711	0.671503	0.0107015	0.899414
691	0.683656	0.71711	0.671503	0.0107015	0.899414
692	0.683656	0.71711	0.671503	0.0107015	0.899414
693	0.683656	0.71711	0.671503	0.0107015	0.899414
694	0.683656	0.71711	0.671503	0.0107015	0.899414
695	0.683656	0.71711	0.671503	0.0107015	0.899414
696	0.683656	0.71711	0.671503	0.0107015	0.899414
697	0.683656	0.71711	0.671503	0.0107015	0.899414
698	0.683656	0.71711	0.671503	0.0107015	0.899414
699	0.683656	0.71711	0.671503	0.0107015	0.899414
700	0.683656	0.71711	0.671503	0.0107015	0.899414
701	0.68402	0.71711	0.671673	0.0105891	0.898076
702	0.684028	0.71711	0.671796	0.0105805	0.89853
703	0.684359	0.71711	0.67204	0.0104479	0.896716
704	0.684359	0.71711	0.67204	0.0104479	0.896716
705	0.684359	0.71711	0.67204	0.0104479	0.896716
706	0.684701	0.71711	0.672411	0.0103156	0.8959
707	0.684701	0.71711	0.672411	0.0103156	0.8959
708	0.685017	0.71711	0.673104	0.0101725	0.894607
709	0.685017	0.71711	0.673104	0.0101725	0.894607
710	0.685017	0.71711	0.673104	0.0101725	0.894607
711	0.685148	0.71711	0.673452	0.0100573	0.894176
712	0.685148	0.71711	0.673452	0.0100573	0.894176
713	0.685148	0.71711	0.673452	0.0100573	0.894176
714	0.685148	0.71711	0.673452	0.0100573	0.894176
715	0.685148	0.71711	0.673452	0.0100573	0.894176
716	0.685148	0.71711	0.673452	0.0100573	0.894176
717	0.685453	0.71711	0.673468	0.00992549	0.89277
718	0.685453	0.71711	0.673468	0.00992549	0.89277
719	0.685453	0.71711	0.673468	0.00992549	0.89277
720	0.685453	0.71711	0.673468	0.00992549	0.89277
721	0.685453	0.71711	0.673468	0.00992549	0.89277
722	0.685453	0.71711	0.673468	0.00992549	0.89277
723	0.686177	0.71711	0.67353	0.0103467	0.893178
724	0.686177	0.71711	0.67353	0.0103467	0.893178
725	0.686177	0.71711	0.67353	0.0103467	0.893178
726	0.686177	0.71711	0.67353	0.0103467	0.893178
727	0.686177	0.71711	0.67353	0.0103467	0.893178
728	0.686177	0.71711	0.67353	0.0103467	0.893178
729	0.686177	0.71711	0.67353	0.0103467	0.893178
730	0.686177	0.71711	0.67353	0.0103467	0.893178
731	0.686177	0.71711	0.67353	0.0103467	0.893178
732	0.686177	0.71711	0.67353	0.0103467	0.893178
733	0.686177	0.71711	0.67353	0.0103467	0.893178
734	0.686177	0.71711	0.67353	0.0103467	0.893178
735	0.686177	0.71711	0.67353	0.0103467	0.893178
736	0.686177	0.71711	0.67353	0.0103467	0.893178
737	0.686177	0.71711	0.67353	0.0103467	0.893178
738	0.686177	0.71711	0.67353	0.0103467	0.893178
739	0.686177	0.71711	0.67353	0.0103467	0.893178
740	0.686365	0.71711	0.673621	0.0101964	0.894403
741	0.686398	0.71711	0.673817	0.010157	0.895627
742	0.686398	0.71711	0.673817	0.010157	0.895627
743	0.686398	0.71711	0.673817	0.010157	0.895627
744	0.686398	0.71711	0.673817	0.010157	0.895627
745	0.686398	0.71711	0.673817	0.010157	0.895627
746	0.686398	0.71711	0.673817	0.010157	0.895627
747	0.686398	0.71711	0.673817	0.010157	0.895627
748	0.686398	0.71711	0.673817	0.010157	0.895627
749	0.686398	0.71711	0.673817	0.010157	0.895627
750	0.686398	0.71711	0.673817	0.010157	0.895627
751	0.686428	0.71711	0.673861	0.0101222	0.897872
752	0.686428	0.71711	0.673861	0.0101222	0.897872
753	0.686428	0.71711	0.673861	0.0101222	0.897872
754	0.686428	0.71711	0.673861	0.0101222	0.897872
755	0.686428	0.71711	0.673861	0.0101222	0.897872
756	0.686428	0.71711	0.673861	0.0101222	0.897872
757	0.686428	0.71711	0.673861	0.0101222	0.897872
758	0.686428	0.71711	0.673861	0.0101222	0.897872
759	0.686428	0.71711	0.673861	0.0101222	0.897872
760	0.686428	0.71711	0.673861	0.0101222	0.897872
761	0.68656	0.71711	0.673961	0.00999692	0.898711
762	0.686597	0.71711	0.674125	0.0099529	0.897986
763	0.686597	0.71711	0.674125	0.0099529	0.897986
764	0.686597	0.71711	0.674125	0.0099529	0.897986
765	0.686597	0.71711	0.674125	0.0099529	0.897986
766	0.686597	0.71711	0.674125	0.0099529	0.897986
767	0.686597	0.71711	0.674125	0.0099529	0.897986
768	0.686597	0.71711	0.674125	0.0099529	0.897986
769	0.686597	0.71711	0.674125	0.0099529	0.897986
770	0.686597	0.71711	0.674125	0.0099529	0.897986
771	0.686597	0.71711	0.674125	0.0099529	0.897986
772	0.686597	0.71711	0.674125	0.0099529	0.897986
773	0.686597	0.71711	0.674125	0.0099529	0.897986
774	0.686597	0.71711	0.674125	0.0099529	0.897986
775	0.686824	0.71711	0.67459	0.00979076	0.89828
776	0.686824	0.71711	0.67459	0.00979076	0.89828
777	0.686824	0.71711	0.67459	0.00979076	0.89828
778	0.686982	0.71711	0.674816	0.00965179	0.897849
779	0.686982	0.71711	0.674816	0.00965179	0.897849
780	0.686982	0.71711	0.674816	0.00965179	0.897849
781	0.686982	0.71711	0.674816	0.00965179	0.897849
782	0.686982	0.71711	0.674816	0.00965179	0.897849
783	0.686982	0.71711	0.674816	0.00965179	0.897849
784	0.686982	0.71711	0.674816	0.00965179	0.897849
785	0.687258	0.71711	0.674958	0.00949269	0.896942
786	0.687258	0.71711	0.674958	0.00949269	0.896942
787	0.68729	0.71711	0.675267	0.0094521	0.896783
788	0.68729	0.71711	0.675267	0.0094521	0.896783
789	0.68729	0.71711	0.675267	0.0094521	0.896783
790	0.687403	0.71711	0.675801	0.0093274	0.89184
791	0.687403	0.71711	0.675801	0.0093274	0.89184
792	0.687403	0.71711	0.675801	0.0093274	0.89184
793	0.687403	0.71711	0.675801	0.0093274	0.89184
794	0.687403	0.71711	0.675801	0.0093274	0.89184
795	0.687411	0.71711	0.675871	0.00931719	0.890684
796	0.687411	0.71711	0.675871	0.00931719	0.890684
797	0.687411	0.71711	0.675871	0.00931719	0.890684
798	0.687501	0.71711	0.67621	0.00922516	0.891205
799	0.687501	0.71711	0.67621	0.00922516	0.891205
800	0.687501	0.71711	0.67621	0.00922516	0.891205
801	0.687501	0.71711	0.67621	0.00922516	0.891205
802	0.687501	0.71711	0.67621	0.00922516	0.891205
803	0.687501	0.71711	0.67621	0.00922516	0.891205
804	0.687501	0.71711	0.67621	0.00922516	0.891205
805	0.687501	0.71711	0.67621	0.00922516	0.891205
806	0.687501	0.71711	0.67621	0.00922516	0.891205
807	0.687501	0.71711	0.67621	0.00922516	0.891205
808	0.687501	0.71711	0.67621	0.00922516	0.891205
809	0.687501	0.71711	0.67621	0.00922516	0.891205
810	0.687501	0.71711	0.67621	0.00922516	0.891205
811	0.687501	0.71711	0.67621	0.00922516	0.891205
812	0.687501	0.71711	0.67621	0.00922516	0.891205
813	0.687501	0.71711	0.67621	0.00922516	0.891205
814	0.687501	0.71711	0.67621	0.00922516	0.891205
815	0.687501	0.71711	0.67621	0.00922516	0.891205
816	0.687501	0.71711	0.67621	0.00922516	0.891205
817	0.687501	0.71711	0.67621	0.00922516	0.891205
818	0.687501	0.71711	0.67621	0.00922516	0.891205
819	0.687501	0.71711	0.67621	0.00922516	0.891205
820	0.687881	0.71711	0.676435	0.00914203	0.890479
821	0.687881	0.71711	0.676435	0.00914203	0.890479
822	0.687881	0.71711	0.676435	0.00914203	0.890479
823	0.687881	0.71711	0.676435	0.00914203	0.890479
824	0.687881	0.71711	0.676435	0.00914203	0.890479
825	0.687881	0.71711	0.676435	0.00914203	0.890479
826	0.688508	0.71711	0.676597	0.0094115	0.891024
827	0.688508	0.71711	0.676597	0.0094115	0.891024
828	0.688508	0.71711	0.676597	0.0094115	0.891024
829	0.688508	0.71711	0.676597	0.0094115	0.891024
830	0.688508	0.71711	0.676597	0.0094115	0.891024
831	0.688508	0.71711	0.676597	0.0094115	0.891024
832	0.688728	0.71711	0.676629	0.00925466	0.891363
833	0.688728	0.71711	0.676629	0.00925466	0.891363
834	0.688728	0.71711	0.676629	0.00925466	0.891363
835	0.688728	0.71711	0.676629	0.00925466	0.891363
836	0.688728	0.71711	0.676629	0.00925466	0.891363
837	0.68876	0.71711	0.677021	0.00921487	0.891409
838	0.68876	0.71711	0.677021	0.00921487	0.891409
839	0.68876	0.71711	0.677021	0.00921487	0.891409
840	0.68876	0.71711	0.677021	0.00921487	0.891409
841	0.68876	0.71711	0.677021	0.00921487	0.891409
842	0.68876	0.71711	0.677021	0.00921487	0.891409
843	0.689226	0.71711	0.67822	0.00919878	0.891817
844	0.689226	0.71711	0.67822	0.00919878	0.891817
845	0.689432	0.71711	0.678905	0.00906164	0.892542
846	0.689432	0.71711	0.678905	0.00906164	0.892542
847	0.689432	0.71711	0.678905	0.00906164	0.892542
848	0.689432	0.71711	0.678905	0.00906164	0.892542
849	0.689432	0.71711	0.678905	0.00906164	0.892542
850	0.689432	0.71711	0.678905	0.00906164	0.892542
851	0.689432	0.71711	0.678905	0.00906164	0.892542
852	0.689497	0.71711	0.679026	0.00899568	0.893245
853	0.689497	0.71711	0.679026	0.00899568	0.893245
854	0.689497	0.71711	0.679026	0.00899568	0.893245
855	0.689497	0.71711	0.679026	0.00899568	0.893245
856	0.689497	0.71711	0.679026	0.00899568	0.893245
857	0.689497	0.71711	0.679026	0.00899568	0.893245
858	0.689497	0.71711	0.679026	0.00899568	0.893245
859	0.689497	0.71711	0.679026	0.00899568	0.893245
860	0.689497	0.71711	0.679026	0.00899568	0.893245
861	0.689497	0.71711	0.679026	0.00899568	0.893245
862	0.68977	0.71711	0.679342	0.00887778	0.892724
863	0.68977	0.71711	0.679342	0.00887778	0.892724
864	0.68977	0.71711	0.679342	0.00887778	0.892724
865	0.689887	0.71711	0.679663	0.00877561	0.892656
866	0.689887	0.71711	0.679663	0.00877561	0.892656
867	0.689887	0.71711	0.679663	0.00877561	0.892656
868	0.689887	0.71711	0.679663	0.00877561	0.892656
869	0.689887	0.71711	0.679663	0.00877561	0.892656
870	0.689887	0.71711	0.679663	0.00877561	0.892656
871	0.689887	0.71711	0.679663	0.00877561	0.892656
872	0.689887	0.71711	0.679663	0.00877561	0.892656
873	0.689887	0.71711	0.679663	0.00877561	0.892656
874	0.689887	0.71711	0.679663	0.00877561	0.892656
875	0.689887	0.71711	0.679663	0.00877561	0.892656
876	0.689887	0.71711	0.679663	0.00877561	0.892656
877	0.689887	0.71711	0.679663	0.00877561	0.892656
878	0.689995	0.71711	0.679669	0.00867994	0.890049
879	0.689995	0.71711	0.679669	0.00867994	0.890049
880	0.689995	0.71711	0.679669	0.00867994	0.890049
881	0.689995	0.71711	0.679669	0.00867994	0.890049
882	0.689995	0.71711	0.679669	0.00867994	0.890049
883	0.690042	0.71711	0.679746	0.00862894	0.889822
884	0.690042	0.71711	0.679746	0.00862894	0.889822
885	0.690042	0.71711	0.679746	0.00862894	0.889822
886	0.690042	0.71711	0.679746	0.00862894	0.889822
887	0.690042	0.71711	0.679746	0.00862894	0.889822
888	0.690068	0.71711	0.679772	0.00859873	0.891092
889	0.690068	0.71711	0.679772	0.00859873	0.891092
890	0.690068	0.71711	0.679772	0.00859873	0.891092
891	0.690068	0.71711	0.679772	0.00859873	0.891092
892	0.690345	0.71711	0.679892	0.00848248	0.891749
893	0.690345	0.71711	0.679892	0.00848248	0.891749
894	0.690345	0.71711	0.679892	0.00848248	0.891749
895	0.690401	0.71711	0.680114	0.00842089	0.891001
896	0.690401	0.71711	0.680114	0.00842089	0.891001
897	0.690401	0.71711	0.680114	0.00842089	0.891001
898	0.690401	0.71711	0.680114	0.00842089	0.891001
899	0.690401	0.71711	0.680114	0.00842089	0.891001
900	0.690401	0.71711	0.680114	0.00842089	0.891001
901	0.690401	0.71711	0.680114	0.00842089	0.891001
902	0.690401	0.71711	0.680114	0.00842089	0.891001
903	0.690698	0.71711	0.680343	0.00831154	0.892112
904	0.690698	0.71711	0.680343	0.00831154	0.892112
905	0.690698	0.71711	0.680343	0.00831154	0.892112
906	0.690698	0.71711	0.680343	0.00831154	0.892112
907	0.691853	0.71711	0.681067	0.00882298	0.889527
908	0.691853	0.71711	0.681067	0.00882298	0.889527
909	0.691853	0.71711	0.681067	0.00882298	0.889527
910	0.691853	0.71711	0.681067	0.00882298	0.889527
911	0.691853	0.71711	0.681067	0.00882298	0.889527
912	0.691853	0.71711	0.681067	0.00882298	0.889527
913	0.691853	0.71711	0.681067	0.00882298	0.889527
914	0.692235	0.71711	0.682027	0.00876029	0.89243
915	0.692235	0.71711	0.682027	0.00876029	0.89243
916	0.692235	0.71711	0.682027	0.00876029	0.89243
917	0.692235	0.71711	0.682027	0.00876029	0.89243
918	0.692235	0.71711	0.682027	0.00876029	0.89243
919	0.692235	0.71711	0.682027	0.00876029	0.89243
920	0.692235	0.71711	0.682027	0.00876029	0.89243
921	0.692235	0.71711	0.682027	0.00876029	0.89243
922	0.692235	0.71711	0.682027	0.00876029	0.89243
923	0.692235	0.71711	0.682027	0.00876029	0.89243
924	0.692235	0.71711	0.682027	0.00876029	0.89243
925	0.692235	0.71711	0.682027	0.00876029	0.89243
926	0.692235	0.71711	0.682027	0.00876029	0.89243
927	0.692235	0.71711	0.682027	0.00876029	0.89243
928	0.692235	0.71711	0.682027	0.00876029	0.89243
929	0.692641	0.71711	0.682063	0.00874807	0.891137
930	0.692641	0.71711	0.682063	0.00874807	0.891137
931	0.692641	0.71711	0.682063	0.00874807	0.891137
932	0.692641	0.71711	0.682063	0.00874807	0.891137
933	0.692641	0.71711	0.682063	0.00874807	0.891137
934	0.692641	0.71711	0.682063	0.00874807	0.891137
935	0.692641	0.71711	0.682063	0.00874807	0.891137
936	0.692641	0.71711	0.682063	0.00874807	0.891137
937	0.692641	0.71711	0.682063	0.00874807	0.891137
938	0.692641	0.71711	0.682063	0.00874807	0.891137
939	0.692646	0.71711	0.682175	0.00874204	0.891659
940	0.692876	0.71711	0.68231	0.00861119	0.889528
941	0.692876	0.71711	0.68231	0.00861119	0.889528
942	0.692876	0.71711	0.68231	0.00861119	0.889528
943	0.693038	0.71711	0.682519	0.0084836	0.891183
944	0.693038	0.71711	0.682519	0.0084836	0.891183
945	0.693038	0.71711	0.682519	0.0084836	0.891183
946	0.693038	0.71711	0.682519	0.0084836	0.891183
947	0.693038	0.71711	0.682519	0.0084836	0.891183
948	0.693038	0.71711	0.682519	0.0084836	0.891183
949	0.693038	0.71711	0.682519	0.0084836	0.891183
950	0.693038	0.71711	0.682519	0.0084836	0.891183
951	0.693353	0.71711	0.682703	0.00837718	0.893111
952	0.693353	0.71711	0.682703	0.00837718	0.893111
953	0.693353	0.71711	0.682703	0.00837718	0.893111
954	0.693353	0.71711	0.682703	0.00837718	0.893111
955	0.693353	0.71711	0.682703	0.00837718	0.893111
956	0.693353	0.71711	0.682703	0.00837718	0.893111
957	0.693353	0.71711	0.682703	0.00837718	0.893111
958	0.693353	0.71711	0.682703	0.00837718	0.893111
959	0.693353	0.71711	0.682703	0.00837718	0.893111
960	0.693353	0.71711	0.682703	0.00837718	0.893111
961	0.693353	0.71711	0.682703	0.00837718	0.893111
962	0.693353	0.71711	0.682703	0.00837718	0.893111
963	0.693353	0.71711	0.682703	0.00837718	0.893111
964	0.693353	0.71711	0.682703	0.00837718	0.893111
965	0.693353	0.71711	0.682703	0.00837718	0.893111
966	0.693353	0.71711	0.682703	0.00837718	0.893111
967	0.693353	0.71711	0.682703	0.00837718	0.893111
968	0.693353	0.71711	0.682703	0.00837718	0.893111
969	0.693353	0.71711	0.682703	0.00837718	0.893111
970	0.693353	0.71711	0.682703	0.00837718	0.893111
971	0.693353	0.71711	0.682703	0.00837718	0.893111
972	0.693353	0.71711	0.682703	0.00837718	0.893111
973	0.693353	0.71711	0.682703	0.00837718	0.893111
974	0.693353	0.71711	0.682703	0.00837718	0.893111
975	0.693353	0.71711	0.682703	0.00837718	0.893111
976	0.693353	0.71711	0.682703	0.00837718	0.893111
977	0.693353	0.71711	0.682703	0.00837718	0.893111
978	0.693353	0.71711	0.682703	0.00837718	0.893111
979	0.693353	0.71711	0.682703	0.00837718	0.893111
980	0.693353	0.71711	0.682703	0.00837718	0.893111
981	0.693446	0.71711	0.682815	0.00828234	0.892294
982	0.693549	0.71711	0.682935	0.00817866	0.89184
983	0.693559	0.71711	0.683381	0.00816575	0.892974
984	0.693559	0.71711	0.683381	0.00816575	0.892974
985	0.693858	0.71711	0.683434	0.00805866	0.892702
986	0.693858	0.71711	0.683434	0.00805866	0.892702
987	0.693858	0.71711	0.683434	0.00805866	0.892702
988	0.693858	0.71711	0.683434	0.00805866	0.892702
989	0.693858	0.71711	0.683434	0.00805866	0.892702
990	0.693858	0.71711	0.683434	0.00805866	0.892702
991	0.693858	0.71711	0.683434	0.00805866	0.892702
992	0.693858	0.71711	0.683434	0.00805866	0.892702
993	0.694125	0.71711	0.684038	0.00792639	0.891092
994	0.694125	0.71711	0.684038	0.00792639	0.891092
995	0.694125	0.71711	0.684038	0.00792639	0.891092
996	0.694125	0.71711	0.684038	0.00792639	0.891092
997	0.694125	0.71711	0.684038	0.00792639	0.891092
998	0.694125	0.71711	0.684038	0.00792639	0.891092
999	0.694125	0.71711	0.684038	0.00792639	0.891092
1000	0.694125	0.71711	0.684038	0.00792639	0.891092
